4000-998.9 658.364
-998.886 1.90526
-998.397 -947.04
-997.353 -777.499
-997.294 757.023
-996.647 -929.447
-996.644 444.814
-996.294 -760.464
-996.218 -180.853
-996.192 -178.415
-995.717 614.05
-994.838 591.559
-994.81 -807.755
-994.419 -570.434
-994.297 826.578
-993.943 -42.3702
-993.465 212.436
-993.454 -971.431
-993.391 105.433
-992.418 919.22
-992.198 681.425
-992.122 -181.694
-991.9 -93.3432
-991.256 -361.4
-991.018 135.086
-990.501 -396.715
-990.076 967.735
-989.855 231.921
-989.416 -416.569
-989.348 -55.5216
-989.267 846.912
-989.021 93.3281
-988.697 -948.049
-988.635 -448.925
-987.649 490.622
-987.627 82.1737
-987.271 144.151
-986.382 871.484
-986.159 953.722
-985.686 470.253
-984.859 474.28
-982.834 -558.398
-982.513 -217.879
-981.818 659.323
-981.814 764.218
-981.054 766.477
-980.381 -691.49
-980.243 583.432
-979.701 -977.91
-979.653 946.701
-979.524 -970.002
-978.764 701.168
-978.512 -332.309
-978.372 423.284
-978.06 -890.169
-978.038 -453.525
-977.717 601.944
-977.515 -321.572
-977.209 -633.656
-976.792 32.6249
-976.157 938.517
-975.49 447.48
-975.01 330.203
-970.856 -105.692
-970.816 -564.504
-970.564 -886.949
-970.331 -357.686
-969.894 -290.986
-969.783 -671.306
-969.214 207.798
-968.49 464.34
-967.579 -639.614
-965.341 932.072
-965.002 562.1
-964.767 -656.549
-964.754 -522.196
-964.398 560.481
-964.292 -539.273
-962.512 100.879
-961.94 805.075
-961.837 -299.789
-960.707 -505.433
-960.283 951.862
-957.209 -269.92
-956.769 -401.306
-956.472 -208.532
-955.763 -451.696
-955.661 -501.602
-954.886 -444.451
-954.873 -514.684
-954.477 908.164
-953.627 -810.08
-953.356 366.746
-952.223 875.89
-951.361 -289.467
-950.543 -381.555
-950.54 -667.292
-949.337 196.213
-949.001 730.077
-948.454 -817.902
-948 -429.385
-947.657 -33.7758
-947.544 885.84
-946.989 -590.579
-945.699 -735.247
-945.428 860.67
-944.25 -478.525
-943.116 386.439
-942.333 502.688
-941.887 408.817
-941.536 790.162
-941.465 993.597
-940.724 280.907
-938.642 -15.0786
-938.459 -151.426
-938.32 -80.26
-938.253 -156.832
-938.065 804.066
-938.064 -299.859
-938.017 704.968
-937.543 782.94
-937.258 265.899
-936.812 -865.061
-935.685 -927.351
-935.516 -137.613
-935.151 128.389
-935.043 852.233
-934.869 -513.237
-934.566 -531.503
-934.303 448.917
-933.478 245.518
-933.119 551.044
-932.536 170.702
-931.966 114.08
-931.9 959.759
-931.742 613.789
-931.577 -137.237
-931.207 -968.535
-930.413 763.313
-930.155 -852.266
-930.14 -513.054
-930.12 -664.496
-929.834 -333.449
-929.471 370.552
-928.851 506.305
-928.73 -665.29
-928.283 -60.3835
-928.202 779.135
-926.72 211.893
-926.22 206.013
-925.714 433.799
-925.518 -185.935
-924.251 -478.539
-923.821 371.95
-923.735 -839.935
-923.609 -621.227
-923.317 -538.87
-922.799 -466.592
-921.421 113.548
-920.79 133.609
-918.853 53.8049
-918.582 694.019
-917.558 817.273
-917.211 59.9392
-917.178 210.784
-916.949 521.906
-916.661 -715.749
-916.158 281.664
-915.503 -953.555
-914.754 34.3817
-913.079 858.076
-912.601 767.786
-911.022 842.075
-910.332 -752.622
-909.147 533.966
-908.439 -582.919
-908.433 -361.722
-907.271 155.486
-906.856 626.59
-906.583 -122.863
-906.559 -750.607
-906.515 -370.35
-906.04 502.925
-905.769 -277.364
-905.109 -845.291
-904.817 -680.007
-904.46 -831.057
-903.892 -694.658
-903.797 -322.908
-902.932 -812.672
-902.452 699.708
-902.156 819.3
-902.078 -374.379
-901.983 -897.644
-900.789 232.486
-900.686 390.728
-900.654 -846.778
-900.605 16.7802
-900.177 -256.351
-899.988 -677.523
-898.21 -504.853
-897.834 96.8008
-896.926 299.847
-895.564 -578.583
-894.479 563.67
-893.772 187.844
-893.206 -743.366
-893.137 -791.751
-891.65 -828.028
-891.506 -930.478
-891.264 334.899
-891.208 -528.319
-890.462 396.19
-890.2 803.853
-890.18 -834.115
-890.17 -501.58
-889.432 -737.375
-889.285 464.984
-889.107 780.602
-888.917 625.043
-888.868 395.931
-888.516 998.106
-887.937 269.16
-887.616 -39.2912
-887.426 744.542
-887.307 -362.553
-886.098 -499.968
-885.983 536.016
-885.553 -779.48
-885.163 -829.025
-885.089 965.16
-884.995 38.9553
-884.968 -33.2501
-884.004 -54.6207
-883.846 498.591
-883.754 -668.794
-883.586 43.5992
-882.591 -389.175
-882.273 -83.5027
-880.543 -958.91
-880.202 -161.975
-879.824 -434.316
-879.535 711.803
-878.968 260.083
-878.229 -324.537
-877.988 915.818
-877.66 135.004
-877.262 349.648
-877.185 440.651
-876.526 -515.502
-876.339 -796.371
-875.983 -495.82
-875.483 384.051
-874.834 440.824
-873.977 -34.084
-873.796 29.9373
-873.469 406.494
-873.06 511.554
-872.017 -690.727
-871.881 705.539
-870.926 -28.3275
-870.879 -93.8219
-870.033 487.174
-869.965 -382.441
-868.997 -647.432
-868.739 663.289
-868.061 512.918
-868.001 -384.285
-867.82 492.136
-866.906 281.289
-866.531 -515.129
-866.237 -854.996
-866.06 67.9192
-865.9 -369.479
-865.036 -744.183
-864.566 539.269
-863.133 -897.062
-862.957 -936.964
-862.894 641.726
-862.775 -206.208
-862.587 -128.885
-859.938 880.512
-859.876 -551.774
-859.804 -356.339
-858.158 249.594
-857.645 688.298
-857.122 263.155
-855.63 746.701
-855.374 -410.788
-855.121 20.5467
-855.092 306.591
-855.042 -124.173
-854.806 267.053
-854.759 990.911
-854.423 823.212
-854.024 533.678
-853.751 -653.659
-853.745 169.917
-852.387 482.344
-852.18 473.512
-851.88 -111.54
-851.638 484.304
-850.436 -759.357
-850.151 -187.914
-849.715 192.74
-848.526 159.665
-846.496 321.27
-846.241 773.144
-845.743 973.871
-845.509 -467.66
-845.497 745.661
-844.594 -535.226
-842.815 362.888
-840.229 -173.397
-839.543 -125.201
-838.402 -172.663
-838.393 932.333
-837.999 346.842
-837.493 931.115
-837.268 -366.008
-837.211 734.03
-836.985 675.577
-836.75 -174.91
-836.148 -922.196
-834.955 -859.779
-834.905 -752.529
-834.725 -363.895
-834.437 -991.961
-834.054 -753.562
-833.951 -825.836
-833.559 -847.93
-833.18 329.697
-832.924 -855.186
-832.335 22.4953
-831.785 -307.213
-830.69 342.21
-829.977 -544.179
-829.889 -940.017
-829.859 17.8527
-829.579 -826.48
-828.628 -770.706
-828.568 530.695
-828.279 -142.819
-828.242 320.165
-827.943 397.109
-827.539 515.598
-824.343 -182.503
-822.765 255.074
-822.346 110.671
-821.745 486.12
-821.726 225.283
-820.634 227.405
-820.252 -740.218
-820.225 275.82
-820.197 580.482
-820.131 61.3767
-820.033 -253.326
-819.926 -194.661
-819.707 784.203
-819.446 936.875
-819.115 -93.0453
-818.757 -821.812
-818.637 -407.39
-818.443 886.256
-818.179 519.364
-817.937 -847.127
-817.52 -931.091
-817.228 679.653
-816.231 -583.145
-815.848 349.086
-815.027 -671.068
-814.755 747.463
-814.664 -798.678
-814.625 -442.214
-813.358 123.806
-810.287 61.8801
-809.801 -894.542
-809.724 -443.558
-809.493 -655.049
-809.305 640.264
-809.001 -772.122
-808.613 903.075
-808.093 -890.311
-807.915 19.2196
-807.813 515.47
-807.469 312.165
-806.306 -283.337
-806.034 -687.525
-805.536 54.9221
-804.132 -154.851
-803.83 -953.498
-803.581 -399.883
-803.346 -642.752
-802.687 773.64
-801.879 -115.337
-801.787 -475.381
-801.162 -898.821
-801 325.044
-800.588 -86.2424
-800.262 216.705
-799.983 37.2542
-799.733 749.605
-799.502 -34.718
-799.289 827.087
-798.543 -842.331
-798.529 63.5178
-798.453 744.03
-798.267 -496.115
-796.887 -640.274
-796.248 -651.438
-795.607 555.847
-795.52 -132.545
-795.446 -25.0306
-795.324 -288.244
-794.965 -0.581629
-794.782 19.9679
-794.655 -559.734
-794.317 -558.54
-793.395 364.38
-793.188 -980.819
-792.622 281.926
-792.213 360.457
-791.9 158.944
-791.474 -638.263
-789.765 338.557
-789.157 -495.087
-788.853 -749.005
-788.791 988.452
-788.395 891.892
-787.516 696.991
-786.774 678.637
-785.254 433.167
-784.847 949.793
-784.181 934.065
-783.843 -645.728
-783.583 477.159
-783.501 800.287
-783.493 843.967
-783.423 -896.764
-783.381 568.884
-782.921 274.747
-782.871 621.25
-781.744 4.49343
-781.691 475.661
-780.6 849.418
-780.504 95.2459
-779.962 846.68
-779.311 827.194
-779.245 589.408
-779.117 -94.1685
-778.95 -504.802
-778.732 189.457
-778.009 267.919
-777.125 -26.3351
-777.062 -388.268
-776.833 -257.749
-776.799 920.964
-776.769 195.055
-776.313 -606.445
-775.541 -345.965
-775.456 -477.504
-774.695 -988.078
-774.32 553.6
-774.194 -753.4
-773.967 454.127
-773.751 472.994
-773.21 -334.349
-772.739 -267.086
-771.989 -551.49
-771.346 -957.747
-770.661 52.5824
-770.168 9.69024
-768.827 -893.106
-768.748 124.991
-768.295 -68.5284
-768.219 -670.367
-767.156 767.189
-766.888 -77.7634
-766.872 270.522
-766.81 737.374
-765.357 176.05
-764.846 -121.698
-764.322 930.84
-764.226 611.979
-763.378 -892.106
-763.267 995.264
-762.021 -388.587
-761.7 841.824
-760.778 233.877
-759.534 239.37
-759.174 129.518
-758.216 538.513
-757.961 932.828
-755.566 -677.595
-754.997 -170.751
-753.845 -411.755
-752.282 46.7543
-750.816 595.78
-749.729 895.532
-749.619 -721.755
-749.531 -276.105
-749.397 850.28
-748.983 -342.92
-748.755 -462.462
-748.582 -155.654
-748.26 -287.882
-746.543 107.988
-746.529 666.218
-746.349 416.622
-746.149 -978.532
-746.061 298.141
-744.036 467.906
-743.885 -316.332
-742.265 -915.031
-740.52 -583.231
-740.468 657.043
-740.183 -456.915
-740.157 564.274
-739.903 737.536
-738.563 -683.279
-737.864 629.92
-736.958 -233.204
-736.838 -573.04
-736.811 161.901
-735.544 867.775
-733.878 710.885
-733.514 347.197
-732.116 52.7542
-731.343 173.397
-731.131 -548.446
-730.735 126.196
-730.052 -876.101
-729.618 654.091
-727.578 -516.022
-727.438 103.092
-727.351 246.889
-726.887 -152.772
-726.744 375.761
-726.34 -499.373
-725.394 -324.472
-725.376 563.239
-724.983 -520.661
-724.791 -772.53
-724.557 -403.329
-724.33 873.512
-723.839 -441.331
-723.599 -246.722
-723.555 240.96
-723.477 -272.786
-723.022 -897.929
-722.603 824.539
-722.466 -722.868
-720.937 -8.15387
-720.486 -664.4
-720.481 822.117
-720.373 -279.153
-720.069 -306.201
-718.708 342.376
-717.675 839.376
-717.459 478.527
-716.978 236.409
-716.948 -341.781
-716.322 -786.601
-716.306 702.506
-716.263 226.126
-715.883 458.344
-715.53 -817.045
-715.517 -391.239
-715.297 471.882
-714.995 422.468
-714.409 -311.79
-714.046 788.85
-713.983 -892.802
-713.75 -672.598
-713.724 -468.066
-711.982 -85.7429
-711.92 569.237
-711.537 691.129
-711.05 249.207
-710.956 -80.3817
-710.753 443.875
-710.185 -285.775
-710.111 -235.505
-710.008 347.239
-709.891 173.908
-709.672 -773.553
-709.553 262.425
-709.54 -396.203
-708.817 -796.606
-708.53 929.883
-707.665 688.3
-707.49 879.314
-706.957 -560.341
-705.192 -482.27
-704.848 -339.245
-704.044 804.433
-702.76 -33.7314
-701.289 -105.046
-701.009 -529.257
-700.49 970.585
-700.098 -982.696
-699.853 696.203
-699.617 537.058
-698.159 489.272
-696.356 190.613
-696.081 -438.905
-695.787 -242.651
-695.451 -503.732
-694.225 -505.098
-693.95 65.1891
-693.156 962.205
-692.914 -969.526
-692.795 644.108
-692.061 -200.921
-691.343 449.14
-690.946 171.212
-689.244 367.857
-688.331 975.2
-688.158 287.229
-687.35 293.849
-687.158 -356.172
-686.96 -680.32
-686.746 204.984
-686.397 -847.837
-685.69 778.801
-685.406 -792.369
-685.132 -81.9359
-684.182 -211.883
-683.977 759.656
-683.909 435.2
-683.85 476.257
-683.79 477.823
-683.615 -639.317
-682.731 -15.1325
-682.337 99.1349
-682.056 -45.8268
-681.714 186.78
-681.543 -476.78
-681.051 -705.487
-680.821 248.25
-680.097 -561.496
-679.792 834.567
-679.716 16.2871
-679.124 -354.884
-679.06 748.401
-678.844 -795.784
-678.35 301.46
-677.398 -685.382
-677.176 -62.4723
-676.473 -837.086
-676.226 -828.769
-675.599 770.105
-674.629 29.1137
-674.436 754.348
-673.074 625.828
-672.683 4.17262
-672.657 -715.431
-672.496 539.42
-672.3 -423.194
-671.995 -974.111
-671.869 243.753
-671.46 -943.483
-671.165 -314.929
-671.162 385.927
-670.976 459.878
-670.641 643.665
-669.953 -881.271
-669.651 148.097
-669.56 994.445
-669.383 673.536
-669.022 437.518
-669.011 135.319
-668.774 -928.092
-665.236 473.082
-665.192 578.054
-663.696 115.252
-663.584 -265.177
-663.351 -588.284
-663.261 -972.267
-663.042 70.7504
-662.742 -233.858
-661.775 655.172
-661.567 839.876
-661.437 -829.037
-661.144 903.143
-660.136 -219.833
-659.975 431.933
-659.019 529.556
-658.566 -99.2402
-657.82 532.474
-657.722 -23.6768
-657.579 -829.787
-657.135 -416.329
-656.619 -818.475
-656.393 -191.072
-656.085 -567.438
-655.938 70.1935
-655.633 372.507
-653.913 121.956
-653.306 -87.7537
-653.098 18.5392
-651.87 -349.195
-651.56 775.687
-651.501 46.6777
-651.273 -496.427
-650.597 26.8788
-649.873 -226.402
-649.035 812.511
-648.824 362.091
-648.145 35.6909
-647.632 -855.066
-647.197 -7.31411
-647.003 188.684
-646.306 543.149
-645.429 216.165
-644.684 -131.343
-644.337 553.217
-643.702 -493.928
-643.426 -835.27
-643.331 707.468
-642.726 53.6194
-642.45 -942.624
-641.433 -132.319
-641.122 87.6828
-641.005 475.825
-640.733 61.771
-640.702 -520.521
-639.835 129.976
-639.718 -672.823
-639.638 736.183
-639.348 587.342
-639.285 -345.67
-638.248 -186.319
-638.114 204.62
-638.02 -216.673
-637.132 328.363
-636.968 999.652
-636.493 719.663
-635.777 -576.588
-635.415 357.407
-634.993 968.912
-634.943 233.224
-633.894 649.716
-633.365 522.317
-633.301 741.453
-632.259 -721.465
-630.849 783.335
-630.486 -426.943
-630.089 -156.99
-629.174 593.916
-627.858 55.7257
-627.806 675.122
-627.052 -661.397
-626.251 -9.76709
-625.963 -431.882
-625.76 297.557
-625.695 131.137
-625.536 -785.951
-625.365 480.009
-624.844 635.783
-623.314 -16.3101
-621.923 252.95
-621.798 -265.84
-621.337 -447.645
-620.8 -725.947
-619.884 843.797
-619.536 -879.516
-619.528 423.808
-617.396 -150.946
-617.345 96.579
-617.07 434.999
-615.33 -25.4535
-615.07 362.299
-614.546 957.971
-614.418 915.142
-614.208 -495.72
-613.781 87.5594
-613.699 202.872
-613.033 105.547
-612.48 162.262
-611.808 -888.174
-611.481 7.3844
-610.566 -348.92
-610.468 -141.33
-609.567 201.032
-609.052 156.305
-608.472 -643.276
-608.06 -511.886
-607.747 -50.7305
-606.934 575.66
-606.539 -649.676
-606.42 405.985
-604.407 810.481
-604.37 747.295
-603.527 -718.787
-603.139 367.452
-602.897 -189.626
-602.632 -283.706
-600.188 -670.157
-599.252 393.592
-598.436 -35.257
-598.116 -911.371
-597.641 224.48
-597.462 -348.543
-597.226 -758.823
-596.934 371.525
-596.005 302.04
-595.728 197.21
-595.695 -928.741
-595.508 790.31
-595.205 234.007
-594.936 -947.571
-594.828 -51.8191
-594.73 497.654
-594.493 816.7
-594.428 878.023
-593.847 -963.716
-591.757 -873.751
-591.288 -378.107
-590.888 -629.498
-590.87 -264.25
-589.934 969.621
-589.887 -262.464
-589.447 -149.999
-588.401 -790.256
-588.062 730.206
-587.264 340.22
-586.944 879.831
-586.197 272.573
-585.376 404.85
-584.45 -9.20632
-584.442 -490.333
-584.113 -653.018
-583.751 266.372
-583.489 775.833
-582.058 182.371
-581.695 815.8
-580.184 401.44
-580.037 -553.236
-580.007 -874.997
-579.668 -469.083
-579.615 221.35
-578.771 795.95
-578.369 432.749
-577.238 -720.682
-576.32 -222.093
-576.06 331.518
-575.945 -344.227
-574.477 -508.473
-574.191 319.707
-574.131 -724.238
-573.711 -356.205
-572.902 846.907
-572.88 337.525
-571.26 -959.069
-570.728 -612.489
-570.305 324.89
-570.08 616.505
-569.59 39.0769
-568.92 754.534
-568.734 473.892
-568.458 -473.85
-568.053 908.647
-567.705 -926.541
-566.969 -445.379
-565.931 957.611
-565.89 466.659
-565.456 907.522
-564.959 583.796
-564.363 113.212
-563.642 826.563
-563.268 72.6226
-562.745 -69.3519
-562.537 -600.184
-562.224 801.801
-561.549 967.213
-561.348 443.666
-560.801 617.285
-560.294 230.403
-559.672 -50.1905
-558.829 757.405
-557.417 -448.781
-557.231 -903.474
-556.975 722.545
-556.885 -828.074
-556.511 -151.834
-556.207 886.497
-556.064 556.005
-555.936 -918.937
-554.594 -857.7
-554.139 402.482
-553.484 -178.98
-553.433 206.967
-553.408 915.954
-553.019 67.6359
-552.72 846.61
-552.591 -714.889
-552.418 334.168
-552.148 136.346
-551.515 -346.481
-550.822 -667.064
-550.386 -25.495
-549.783 819.398
-549.657 138.048
-549.27 134.41
-548.793 93.4746
-547.02 -392.564
-546.863 254.229
-546.741 -118.332
-546.65 649.895
-545.617 -888.024
-544.587 -620.142
-544.346 878.852
-543.895 430.594
-543.852 -19.2145
-543.821 956.098
-543.473 852.05
-543.347 96.4695
-543.03 57.7446
-542.843 -845.805
-541.118 770.433
-540.857 326.765
-540.279 55.9208
-540.136 813.906
-540.06 142.796
-539.155 793.251
-538.112 -569.632
-537.715 246.026
-537.369 -135.398
-537.089 -420.469
-536.188 -397.805
-535.705 -460.674
-535.179 -994.946
-533.993 646.14
-533.989 -220.405
-533.051 -424.238
-532.701 -822.684
-530.695 -732.31
-530.357 497.231
-529.727 -189.126
-529.551 -726.396
-528.93 213.641
-528.801 706.865
-528.079 553.795
-528.069 -175.17
-527.751 -790.048
-527.561 88.8293
-527.493 -170.386
-526.931 346.627
-525.691 -649.888
-523.897 -388.446
-523.286 238.167
-523.22 -335.277
-523.21 -483.027
-523.121 887.209
-522.756 172.567
-521.611 -275.075
-521.157 -301.302
-520.829 571.609
-520.594 -14.3963
-519.582 -311.542
-518.543 -770.845
-517.296 -343.775
-517.01 -546.373
-515.434 -244.944
-514.878 829.26
-514.588 149.925
-514.513 -207.096
-514.148 -700.066
-513.362 -177.643
-512.896 -609.862
-512.65 -314.673
-512.614 314.478
-512.508 310.105
-512.486 -664.587
-512.429 -651.551
-511.998 -978.757
-511.45 619.741
-510.758 785.765
-509.914 403.795
-509.816 377.693
-509.234 -943.66
-508.932 848.267
-508.407 -842.629
-507.739 114.195
-507.511 -426.602
-507.081 597.211
-506.919 -515.012
-506.414 -562.882
-505.887 -677.589
-504.981 993.727
-504.531 477.753
-503.632 686.61
-502.873 -629.135
-502.805 -575.569
-501.459 -578.222
-501.038 -633.017
-500.623 -257.043
-500.16 456.694
-498.823 746.19
-498.367 680.933
-498.278 -369.69
-496.94 696.098
-496.794 262.196
-496.463 131.447
-496.424 -827.627
-495.207 53.8714
-494.205 -62.4683
-493.101 -21.2843
-492.89 250.785
-492.854 -975.411
-492.448 -385.249
-491.809 665.634
-491.625 136.104
-491.519 39.2472
-490.307 -768.048
-488.665 -750.403
-486.013 284.183
-485.846 643.938
-484.906 431.016
-484.544 313.527
-482.676 566.295
-482.652 213.676
-481.982 143.612
-481.499 -36.0238
-480.24 591.156
-480.038 -180.563
-479.717 -634.398
-479.505 -92.4589
-478.156 200.729
-477.418 -750.251
-476.641 279.729
-476.519 582.677
-476.51 -515.621
-475.392 784.796
-474.075 -399.154
-473.932 678.387
-473.787 205.196
-473.325 194.368
-472.701 -546.91
-472.034 698.868
-471.963 -134.343
-471.744 -444.002
-470.967 -572.468
-470.435 592.688
-470.422 -665.421
-470.225 -812.407
-469.267 -708.193
-468.033 -42.5312
-467.135 -8.20826
-466.6 965.149
-466.417 382.64
-466.41 -402.153
-466.261 -62.2226
-466.081 877.364
-465.865 -38.9597
-465.838 -702.895
-465.189 736.26
-464.573 -37.3133
-464.182 -955.618
-463.579 -68.6071
-463.466 -485.366
-463.308 -11.1026
-462.153 -477.526
-460.777 400.268
-460.421 -110.638
-460.069 432.211
-459.988 -617.021
-459.76 74.15
-459.021 71.2804
-458.118 546.181
-458.044 -686.059
-457.88 -141.807
-457.385 -545.243
-456.622 -827.197
-456.427 462.647
-454.668 403.058
-454.382 403.384
-453.944 445.792
-453.378 483.115
-452.367 -336.141
-451.954 -336.009
-451.746 -82.5988
-450.862 -450.962
-449.209 276.628
-448.945 750.824
-448.811 238.797
-448.223 564.478
-447.007 -829.449
-445.313 -589.845
-443.642 223.953
-443.537 -359.992
-443.352 753.3
-443.035 -420.375
-442.991 -218.406
-442.446 -165.872
-442.414 739.193
-441.928 -855.533
-441.729 -17.6477
-441.562 -629.174
-441.507 688.5
-441.41 -4.75974
-441.397 -22.0787
-441.035 -179.792
-440.148 103.012
-439.894 738.766
-439.032 588.369
-439.001 805.177
-438.703 -356.579
-438.472 124.849
-438.304 -96.9908
-437.634 -717.363
-437.482 -871.478
-437.445 -33.6704
-437.005 -514.167
-435.921 570.42
-435.376 -685.901
-435.362 -312.346
-435.021 587.447
-434.915 -812.447
-434.484 211.927
-433.661 246.243
-433.074 -23.428
-433.049 -508.251
-432.382 983.563
-431.547 -372.03
-430.569 -207.96
-429.643 -648.276
-429.598 -951.509
-429.531 833.378
-429.136 764.825
-429.053 -973.788
-428.256 -864.669
-428 758.615
-427.936 852.836
-427.075 505.575
-426.813 982.173
-426.723 -764.875
-426.138 489.097
-425.175 -829.704
-425.162 573.916
-424.098 -160.913
-424.036 996.223
-423.992 -629.981
-423.609 807.39
-423.257 -960.522
-423.09 442.947
-422.852 192.328
-421.967 493.924
-421.279 530.262
-421.182 506.966
-420.393 780.943
-420.37 -398.755
-420.156 -625.429
-419.653 936.732
-419.256 -852.79
-418.876 298.304
-418.725 587.126
-418.156 -23.6017
-418.032 -700.508
-417.912 -326.448
-417.881 -533.364
-417.824 629.298
-417.779 74.984
-416.685 -448.299
-416.644 -316.25
-416.109 -852.37
-414.951 -275.013
-414.679 -247.175
-414.495 -832.142
-414.243 72.2864
-414.196 385.818
-412.795 -275.755
-412.218 988.974
-412.093 -866.424
-411.26 -858.619
-410.926 13.9702
-410.556 96.2216
-410.22 -294.743
-409.503 818.223
-409.256 -677.417
-408.853 -481.184
-408.819 648.376
-408.174 183.186
-407.963 682.758
-407.957 537.405
-406.586 929.666
-406.543 874.78
-406.429 902.171
-406.269 -768.426
-406.138 618.017
-406.018 931.343
-405.587 -360.035
-405.326 992.888
-405.218 513.184
-405.082 -678.47
-404.889 838.184
-404.065 -494.031
-403.777 -846.203
-403.582 -325.306
-402.954 -602.782
-402.826 -249.95
-402.694 974.996
-402.632 -998.22
-402.605 -709.943
-401.065 -143.196
-400.71 679.149
-400.22 -421
-400.131 933.854
-399.399 -555.244
-399.371 -859.666
-399.142 629.621
-398.944 802.929
-397.467 -853.483
-397.209 684.744
-395.886 850.444
-395.871 759.124
-395.239 -438.948
-394.873 512.272
-394.656 786.26
-394.244 998.438
-394.164 972.154
-393.599 -393.842
-393.48 -269.906
-393.371 513.119
-392.502 -792.879
-392.48 -250.623
-392.37 229.751
-391.508 -594.92
-391.221 -651.362
-390.026 13.6217
-389.716 -293.292
-389.184 305.424
-388.852 362.667
-388.584 593.164
-388.278 -693.249
-388.007 -762.048
-387.59 -512.797
-387.361 -530.48
-387.007 673.757
-386.629 -168.19
-386.216 377.049
-385.924 -501.506
-385.696 -60.6157
-384.546 292.804
-384.075 -111.09
-383.352 -583.589
-383.089 -667.174
-382.484 -824.213
-382.021 376.638
-380.664 108.958
-380.331 889.794
-380.304 302.993
-380.296 318.724
-379.587 759.706
-379.026 -326.244
-378.006 -207.851
-375.858 236.666
-375.79 510.551
-375.328 -846.021
-375.264 -812.665
-375.195 165.374
-375.037 427.847
-374.641 967.123
-373.712 -482.53
-373.421 464.743
-373.264 787.027
-372.405 -454.158
-371.59 -271.525
-371.381 -868.773
-370.461 -315.373
-369.844 -386.505
-369.043 -459.612
-368.943 -911.536
-368.743 566.619
-368.559 653.192
-368.424 -37.2527
-368.311 -168.259
-367.254 -313.733
-366.785 457.535
-365.761 -904.876
-364.713 599.374
-363.252 -734.42
-363.217 1.44362
-363.028 549.052
-363.013 -464.343
-362.526 -306.499
-362.335 650.676
-362.326 313.649
-361.925 138.575
-360.698 775.307
-360.459 394.397
-359.151 687.87
-358.552 158.316
-358.048 -811.768
-356.717 264.561
-356.632 -598.949
-355.747 -627.656
-355.005 -143.737
-354.726 -182.387
-353.658 849.926
-353.529 975.942
-353.304 -368.597
-352.449 644.9
-350.782 765.218
-349.7 859.412
-349.078 35.6941
-348.963 21.7139
-348.922 -1.70698
-348.385 -829.483
-348.193 772.352
-348.1 558.459
-348.076 38.8426
-347.944 436.113
-347.851 126.854
-347.597 40.7129
-347.024 607.631
-346.625 896.941
-346.315 475.722
-346.311 -100.952
-346.173 262.506
-345.879 -318.539
-345.814 527.007
-345.654 -131.647
-345.016 -886.85
-344.705 689.976
-343.749 -866.176
-343.438 664.761
-341.99 224.087
-341.538 -9.25103
-341.033 -165.322
-340.704 542.61
-340.046 -542.434
-340.013 -97.1129
-339.858 38.1572
-339.306 -393.593
-339.276 35.5478
-339.096 -524.449
-338.175 220.972
-337.835 -928.527
-337.328 -346.944
-337.057 771.431
-336.882 224.041
-336.277 180.766
-334.438 -386.803
-334.099 -971.848
-333.943 -842.884
-331.615 -189.883
-331.517 -118.487
-330.9 706.218
-330.845 -802.15
-330.697 120.379
-330.24 60.6741
-329.625 673.159
-329.39 956.353
-328.81 235.297
-328.462 303.582
-328.239 220.628
-327.715 -392.525
-326.856 -41.4173
-326.733 -853.29
-326.311 -22.946
-325.335 182.089
-324.884 921.411
-324.605 602.109
-324.14 -618.865
-323.538 -77.531
-323.116 -978.271
-323.039 -20.2161
-322.89 559.9
-322.65 755.186
-321.97 -354.664
-321.254 -353.433
-320.735 128.226
-320.051 -124.199
-318.75 -455.16
-318.738 636.867
-318.006 -434.871
-317.779 316.318
-317.194 909.279
-316.097 69.6904
-315.426 804.598
-315.358 -238.623
-315.114 970.453
-314.356 -288.493
-314.091 -792.992
-313.7 -184.258
-313.649 150.775
-313.199 958.243
-312.83 633.255
-311.435 -707.854
-310.689 351.985
-310.662 774.71
-310.167 891.674
-309.749 340.569
-309.412 -20.0884
-308.398 -952.326
-308.263 682.212
-308.259 -17.2124
-307.691 997.828
-307.3 -899.667
-307.158 -874.66
-306.761 -215.079
-306.733 309.689
-304.708 -766.319
-303.89 -426.291
-301.436 -889.65
-301.307 -680.788
-300.861 351.161
-300.275 935.013
-299.437 748.459
-299.276 371.868
-298.357 -244.528
-298.313 -188.385
-297.29 -947.095
-296.618 -283.174
-296.051 367.422
-295.821 960.755
-295.641 -636.231
-294.269 -761.145
-293.976 705.973
-293.928 353.802
-293.692 -350.261
-293.008 -573.572
-292.777 6.70559
-292.183 -707.027
-291.328 -730.704
-290.847 886.13
-290.678 -387.529
-289.925 -898.141
-289.354 308.159
-288.747 564.681
-288.241 286.883
-287.843 438.99
-287.673 226.211
-287.628 593.655
-286.676 -110.828
-286.497 -668.873
-286.443 -534.026
-285.88 -602.502
-285.37 91.7619
-285.267 610.862
-285.109 194.907
-284.746 -216.705
-284.662 -217.674
-284.261 572.414
-281.787 37.018
-281.318 -64.6312
-281.157 234.146
-280.991 -652.521
-280.053 715.82
-279.999 -82.8391
-279.656 169.428
-278.943 -55.0677
-277.315 625.454
-276.136 760.685
-275.415 239.189
-275.317 -278.262
-275.258 -976.908
-274.365 -539.509
-273.95 176.337
-273.434 -763.612
-272.786 126.994
-272.482 31.5706
-272.127 969.982
-271.16 -228.885
-270.672 -769.037
-269.649 -7.88285
-269.524 -784.361
-269.059 304.186
-268.862 -191.542
-268.774 266.203
-268.289 -233.237
-266.664 912.144
-266.124 980.075
-265.491 608.044
-264.931 -280.098
-264.908 -492.288
-264.587 -97.3672
-263.111 -689.576
-262.991 513.494
-262.891 -341.836
-262.406 90.2581
-260.773 -196.549
-260.763 -809.023
-260.716 -523.455
-259.978 -225.248
-259.682 599.555
-259.079 -563.648
-258.817 -297.891
-258.477 -828.886
-257.617 826.903
-257.341 674.489
-255.781 -852.435
-255.642 -532.318
-255.556 -350.559
-255.33 -628.207
-255.318 48.3112
-254.359 -656.743
-253.932 -564.493
-253.905 -86.9878
-253.663 -827.47
-253.502 863.085
-252.408 -998.036
-252.187 503.372
-251.528 990.145
-250.454 -569.886
-250.377 282.63
-250.374 -131.787
-249.43 -547.471
-249.264 -409.083
-248.895 -252.238
-248.858 -772.664
-248.774 -883.956
-248.623 319.23
-248.299 600.877
-245.922 -468.64
-245.702 415.477
-245.553 -42.8454
-244.73 263.911
-243.547 -590.671
-243.313 547.406
-242.857 -47.3844
-241.23 187.534
-239.555 798.65
-239.386 -173.24
-238.057 243.081
-237.764 -122.835
-237.641 391.538
-237.397 78.8182
-236.999 -366.055
-236.443 105.468
-235.876 196.822
-235.77 912.307
-235.13 -460.185
-234.368 40.8463
-233.845 683.242
-233.802 -238.963
-233.414 913.496
-233.257 59.135
-232.627 790.712
-232.613 40.9335
-232.345 -491.457
-231.696 -31.6867
-230.374 -853.104
-230.361 -530.074
-229.848 952.609
-229.05 -746.32
-228.332 -506.622
-227.875 -383.902
-227.588 344.134
-225.602 -976.297
-224.614 203.305
-224.464 487.768
-223.287 587.257
-223.167 -737.444
-223.038 -55.2027
-222.841 500.634
-220.904 560.894
-220.197 551.02
-220.078 399.366
-220.061 -450.09
-219.706 760.252
-219.48 308.672
-218.443 82.6595
-218.314 262.154
-216.692 930.586
-215.898 341.169
-215.726 -288.293
-215.172 606.031
-214.456 -151.351
-214.092 -855.929
-213.729 -777.187
-212.765 -73.96
-212.36 709.184
-212.256 -417.477
-211.98 455.747
-211.054 580.508
-210.779 312.06
-210.381 185.239
-209.801 -885.996
-208.969 -729.645
-207.028 -705.157
-206.958 161.141
-205.616 -621.811
-205.562 17.931
-205.224 -421.667
-204.739 735.41
-204.434 -475.539
-204.223 64.6188
-203.012 119.091
-201.921 -963.125
-201.298 25.2439
-201.269 -216.202
-200.761 -417.254
-199.819 615.135
-198.202 -504.678
-198.045 727.711
-197.164 -661.553
-196.635 857.892
-195.429 -655.605
-195.228 -324.029
-194.621 840.759
-194.321 688.628
-194.161 543.566
-193.843 -810.927
-193.409 244.474
-193.262 985.221
-193.155 -784.335
-192.233 -640.048
-191.287 62.4955
-188.782 631.366
-188.447 -560.955
-188.127 374.192
-187.511 353.487
-186.168 -1.5942
-185.329 -571.866
-184.943 489.337
-184.809 -828.505
-183.948 62.8788
-182.336 531.637
-181.898 196.621
-181.253 -489.792
-180.939 574.945
-180.7 -189.221
-180.681 -283.381
-180.367 -104.134
-180.112 -925.99
-179.282 434.547
-179.245 724.616
-177.212 -817.988
-177.073 -956.882
-177.044 -566.959
-176.52 -808.451
-176.519 -643.186
-176.286 110.356
-176.202 677.236
-175.376 -324.959
-174.126 -984.435
-174.011 401.204
-173.198 -192.879
-172.992 -607.56
-172.542 -197.71
-171.282 -596.776
-170.236 -26.2896
-168.741 -206.463
-168.702 191.782
-168.685 -559.344
-168.564 636.267
-168.55 557.179
-167.985 704.951
-167.864 540.45
-167.755 35.8726
-165.419 -807.194
-164.65 773.143
-164.303 653.061
-164.21 -419.571
-164.087 -75.8689
-163.628 -222.117
-163.384 -280.83
-163.028 -418.685
-162.866 268.056
-162.315 70.2016
-162.207 -584.05
-162.13 -209.622
-162.083 234.54
-160.839 967.242
-160.296 -464.927
-159.875 95.388
-159.149 104.63
-159.062 125.636
-158.268 -342.946
-158.098 423.491
-157.872 -763.796
-157.035 361.419
-155.869 -538.856
-155.095 -545.632
-154.47 951.875
-152.922 7.28557
-152.622 -375.909
-152.443 731.678
-152.258 -63.1059
-151.733 895.734
-151.3 564.971
-150.305 689.019
-150.14 829.773
-149.771 69.666
-149.37 -310.726
-149.279 -794.747
-148.835 -173.02
-148.367 -466.097
-148.019 -740.751
-147.898 965.404
-146.967 -325.233
-146.593 20.2843
-145.821 275.909
-145.807 -102.608
-145.653 574.079
-145.604 860.04
-144.606 -362.957
-144.15 -343.925
-143.873 252.82
-142.876 15.64
-142.713 482.582
-142.491 -31.3936
-142.399 -126.734
-141.978 -348.764
-141.882 955.375
-140.999 -706.164
-140.824 -574.122
-140.527 208.199
-137.838 147.675
-137.003 -236.901
-136.544 683.354
-136.004 51.6402
-135.894 -329.956
-135.278 -109.299
-133.459 908.993
-133.377 315.448
-133.287 -398.06
-130.929 -619.696
-130.849 -399.271
-130.615 -927.808
-130.263 141.008
-130.016 982.34
-128.937 -314.979
-128.664 -436.499
-127.35 -819.707
-126.825 833.732
-126.678 329.496
-126.295 -254.014
-125.842 590.124
-125.361 668.221
-124.753 996.842
-124.048 709.616
-123.538 -607.909
-123.22 486.218
-122.964 -380.155
-122.625 110.403
-122.298 380.777
-122.286 -12.6033
-121.859 579.179
-121.339 -388.706
-120.943 151.977
-120.506 911.6
-120.437 -926.856
-120.437 -570.094
-119.275 -215.677
-118.474 -336.838
-118.328 722.298
-118.25 -402.844
-117.222 206.019
-117.202 269.969
-117.093 413.776
-116.844 -594.704
-115.555 9.34837
-115.447 694.249
-113.556 834.644
-112.263 602.249
-111.917 668.793
-111.624 -997.726
-109.52 736.164
-109.133 -862.094
-108.927 -829.582
-108.228 -829.626
-108.197 -220.444
-108.162 -903.923
-108.007 -704.879
-107.488 758.628
-107.045 24.4508
-106.764 -395.824
-106.637 -187.057
-106.183 -205.15
-105.96 -258.699
-104.861 -189.852
-104.526 -238.394
-104.171 -485.983
-104.053 553.435
-103.298 -885.355
-103.03 328.092
-102.928 -636.088
-101.735 51.4118
-101.587 226.864
-101.421 -560.954
-101.057 -314.531
-100.608 802.065
-99.974 706.442
-99.0256 149.676
-98.8151 -125.12
-98.5903 -198.297
-98.4555 924.094
-98.0431 -27.1032
-97.2665 -449.061
-97.2067 -310.423
-96.4963 11.2303
-95.7023 -727.808
-95.5043 42.565
-94.355 594.237
-94.0866 -141.976
-93.8535 706.68
-92.4456 -956.552
-92.3657 160.169
-91.7321 381.946
-90.0339 517.161
-89.5923 99.8674
-88.3188 -359.024
-87.2137 -674.4
-85.94 719.72
-85.7884 865.895
-85.6037 379.816
-85.5475 -271.781
-84.3916 -197.142
-83.9546 -1.80724
-83.5737 461.935
-83.5609 -948.605
-82.914 306.959
-82.846 -375.285
-81.9243 -639.611
-81.7864 902.89
-81.6499 -676.97
-81.4221 865.754
-80.5352 -229.221
-80.5344 408.836
-80.2747 417.409
-80.2285 -169.461
-80.2187 -889.856
-77.915 -279.064
-77.7207 -439.155
-77.6641 -810.003
-77.5481 361.591
-77.3532 -753.4
-74.6504 939.146
-74.6369 -958.705
-73.1707 141.653
-72.6622 -176.817
-72.1912 -930.318
-71.9669 513.178
-71.9421 382.581
-71.2031 952.143
-70.8029 12.1873
-70.7646 918.76
-69.546 882.492
-69.3444 157.242
-69.1826 452.583
-68.9585 549.951
-68.8868 874.532
-67.9289 60.296
-64.7671 836.219
-64.2627 -75.9677
-63.3641 953.158
-62.8655 -564.743
-62.1717 744.423
-61.9832 -300.824
-59.9772 453.654
-59.2089 -518.278
-58.6744 623.812
-57.3537 -26.4868
-56.722 -423.327
-55.8245 286.92
-55.2923 -351.241
-54.3619 271.58
-53.9392 -491.49
-53.6604 -819.473
-52.9728 -361.446
-52.571 -190.899
-51.7914 754.42
-51.2812 968.242
-47.9774 -680.383
-47.5629 770.152
-47.373 706.547
-46.5396 -615.839
-46.5385 540.812
-46.2885 448.639
-44.7492 959.208
-42.3744 -183.552
-42.0345 331.083
-40.2997 831.79
-40.1281 490.652
-39.6263 -342.306
-39.4876 114.853
-39.2626 940.135
-38.4937 152.573
-38.3278 -949.169
-38.018 -53.7075
-37.0994 -533.122
-37.0437 -131.799
-36.2709 -243.28
-35.8319 -259.678
-35.8011 -258.196
-35.747 459.799
-35.4676 -743.817
-34.7954 376.01
-33.2287 5.68711
-32.999 -943.849
-30.9889 521.588
-30.0494 326.872
-29.5511 -171.073
-28.392 -237.13
-28.1967 -255.561
-28.0389 146.647
-27.3143 -674.812
-26.6812 778.289
-26.2088 -612.66
-25.5862 -582.45
-25.0744 727.605
-23.6531 -802.368
-22.2582 908.149
-22.0561 -586.295
-21.4998 -201.276
-21.3153 -196.588
-20.0778 965.607
-20.0221 -872.686
-20.0137 -380.118
-19.6892 841.745
-18.9846 -799.426
-18.5937 -270.471
-18.4345 617.782
-18.1949 -865.181
-18.1688 -720.75
-17.9929 112.287
-17.8885 748.258
-16.9642 -397.009
-16.7132 219.223
-16.6762 270.524
-15.4658 490.949
-15.3339 -503.011
-14.0838 837.782
-14.0392 -8.19874
-12.8741 248.43
-12.4424 115.303
-11.7247 16.9903
-11.3462 -336.939
-11.0502 -553.683
-10.5302 -294.894
-10.5048 725.42
-9.69046 482.549
-9.6603 -206.478
-9.38465 765.625
-9.24707 180.398
-8.31489 971.132
-7.80895 -15.0031
-7.67114 -328.853
-6.90788 -24.1418
-5.78952 -147.378
-5.64701 -668.692
-4.79175 -157.114
-4.17458 -374.359
-4.06501 -276.92
-3.92532 -785.224
-3.17815 -37.1456
-2.86105 -936.477
-2.3125 244.135
-1.7 -25.7921
-1.54461 -342.177
-1.28954 -257.94
0.0684843 -671.667
0.964337 -746.433
1.14111 -656.196
1.44147 809.321
1.56113 400.525
1.98837 852.964
2.07216 -304.678
3.27167 403.509
3.68824 599.735
4.24023 -198.766
5.048 -741.155
5.21486 -139.609
6.73601 679.501
7.65944 -793.715
8.44658 216.231
8.51477 -410.046
8.87342 -5.7955
9.71232 266.4
9.71373 975.457
9.98909 575.526
10.7182 671.063
10.9351 -718.084
10.9904 -610.251
12.1606 -160.839
12.2023 -879.124
12.69 725.855
12.8238 -871.07
13.5774 -308.039
13.9885 516.65
14.0534 950.859
14.1769 963.73
14.4758 144.98
14.5622 470.011
15.1824 -340.523
15.225 433.788
16.0635 -509.453
16.8468 611.221
16.8824 941.429
17.3671 -761.879
17.4139 805.587
17.6655 862.103
19.1078 232.926
20.0237 -795.977
20.1084 -404.766
20.1927 354.82
20.4581 865.759
22.0677 -217.288
22.1856 -936.739
22.9474 405.908
23.596 -938.149
23.794 223.918
24.0774 678.868
24.3981 54.6595
24.6646 592.562
24.8748 -73.5495
25.2811 532.918
27.9491 288.359
28.0472 -239.573
28.0551 -501.443
28.782 191.198
28.9505 257.662
28.9739 832.077
29.1101 415.003
29.4706 -544.4
30.1442 -321.628
32.1878 270.562
32.3961 -967.047
32.9655 105.884
34.0235 324.254
34.7369 18.5646
35.1391 -466.832
35.3501 -773.32
35.8369 -448.115
36.194 499.359
36.4499 -212.236
37.1222 -312.231
37.2006 -59.7298
37.5811 368.39
38.2776 93.2472
38.4622 -251.738
39.1135 -745.074
39.4736 -785.921
39.5204 -941.965
39.8719 -825.399
40.3043 122.064
40.4122 973.258
40.6192 -449.675
41.2425 -286.583
41.2841 -243.934
41.4949 952.817
43.1116 -642.235
43.3858 -184.526
43.5573 -129.091
43.6364 -23.6065
43.6919 -972.019
43.9456 724.689
45.1728 -688.998
45.7917 687.387
45.8646 -456.055
46.7126 299.549
46.7673 -759.998
47.3771 -141.354
48.2765 288.661
48.2942 240.835
48.4796 -838.393
48.5617 260.418
48.6802 486.026
49.7743 -499.117
51.4745 263.513
51.7509 -834.836
52.1711 244.745
52.771 36.7861
53.3714 725.658
53.5864 -915.589
54.1289 -441.386
55.326 -899.543
55.4843 872.498
55.6409 -952.975
55.9421 -223.053
56.2323 544.958
56.251 883.186
56.5839 642.556
56.901 -938.99
57.6987 -359.91
58.9197 150.228
59.0754 834.303
61.0419 -701.621
61.8806 726.836
62.1355 314.088
62.2415 -2.53361
62.6588 425.104
64.2956 -854.481
64.5057 462.49
65.6085 704.414
65.9519 -741.365
66.2068 599.028
66.3459 -657.322
66.3606 310.976
66.7868 280.812
67.2824 559.249
67.6706 475.001
67.6723 799.594
68.0046 683.499
68.4707 402.599
68.6833 491.489
69.7926 -972.543
70.5473 -324.42
70.8308 296.643
71.1934 -95.0114
72.6163 810.724
72.9652 -516.014
73.4216 210.39
75.2446 -737.459
75.4707 147.916
75.5393 831.629
76.6679 894.898
77.1644 -494.553
77.3403 -766.828
77.5042 912.439
78.2412 -460.571
78.3037 -363.249
78.3145 258.47
78.4799 684.779
80.2272 -533.109
80.9886 613.75
81.2181 -633.804
81.4451 -832.053
81.6168 92.542
81.8881 -171.572
82.1912 -56.9531
82.2352 -309.266
82.2506 -442.89
82.3891 133.621
82.6594 -277.08
82.8087 -130.734
83.2115 943.834
83.4846 -698.719
85.7922 -921.121
85.8224 697.471
85.8316 836.088
86.4316 721.819
86.5563 882.398
86.6044 28.0962
87.4762 739.294
87.9133 -937.428
88.271 -17.0709
90.2118 551.4
91.0503 10.5037
91.0925 499.036
91.2432 498.445
91.9826 694.24
92.458 -244.831
92.5761 -407.023
93.8524 673.236
94.2627 484.317
94.4055 -340.31
95.1384 6.29443
95.6847 817.049
96.0952 -364.405
96.1471 16.574
96.6295 599.054
96.7593 442.23
96.9179 622.187
97.1323 -563.983
98.6831 -861.751
99.4301 691.072
99.7007 853.089
100.932 -320.358
101.172 -965.118
101.54 645.876
101.787 -445.31
101.951 -831.88
102.37 -36.7995
102.568 -846.677
102.773 -522.825
102.949 -393.966
104.129 -87.4169
104.379 556.564
105.268 190.3
106.135 5.7609
106.497 371.087
107.104 837.584
107.141 535.136
107.533 -632.592
108.124 -257.025
109.311 368.567
109.5 -855.684
109.733 -616.478
109.904 -611.809
110.044 995.132
110.294 400.121
110.305 -971.817
111.186 -517.173
111.298 602.076
111.603 976.525
112.096 -280.363
113.044 -516.86
113.177 409.06
113.325 -519.437
113.656 688.002
114.48 956.937
115.058 256.402
115.22 -334.473
115.754 -387.871
115.907 -435.623
116.748 177.651
117.696 471.053
117.858 883.875
117.979 78.3162
118.477 406.518
119.037 -589.521
120.482 -777.49
120.766 -217.156
120.986 -240.778
121.564 513.043
122.713 -974.749
123.105 -151.399
123.28 244.869
124.037 603.118
124.131 574.149
124.609 -252.39
125.239 205.053
125.414 186.612
125.543 -661.499
125.558 789.922
125.573 -697.766
125.611 -333.745
125.668 106.738
127.173 731.643
127.563 -788.689
128.962 -270.546
129.92 -614.316
130.489 777.349
130.626 -159.683
130.806 -824.043
130.879 915.061
132.272 -392.426
132.33 31.248
132.369 523.288
132.526 -479.957
132.684 -813.009
133.292 152.18
133.416 -409.131
133.573 920.372
133.637 155.513
134.345 -294.62
134.616 -938.368
135.299 -177.825
135.684 -685.439
136.684 748.119
137.418 77.9176
138.957 507.376
139.09 858.534
139.605 714.386
139.743 -976.739
139.784 32.7709
142.168 818.255
142.558 -709.02
143.999 -650.327
144.462 -757.99
144.631 80.1353
144.938 -202.939
145.407 -11.6624
145.894 798.712
145.952 -717.945
146.309 376.563
146.509 618.744
147.178 989.666
147.396 -731.865
147.565 -840.231
149.161 -759.682
149.305 441.993
149.884 -980.794
151.326 -175.024
152.533 -196.028
152.749 -240.611
152.944 145.532
153.078 834.765
153.633 -499.837
153.939 734.368
153.949 -453.818
154.532 746.167
154.666 -151.908
154.848 -491.698
156.542 765.34
157.243 -562.985
157.351 657.38
157.97 706.743
158.862 312.642
161.386 -455.698
161.705 -25.1817
162.441 131.754
162.568 856.128
162.873 487.341
163.21 729.221
163.966 326.987
164.976 374.081
165.16 188.396
165.195 316.692
165.195 -473.407
165.92 -750.66
166.033 326.968
166.661 -373.121
166.881 540.761
166.941 446.068
169.316 325.695
170.271 388.413
170.773 932.956
170.901 436.693
171.441 -54.3967
171.655 -728.35
172.057 385.491
172.736 -110.444
172.872 -148.276
173.633 -16.4247
173.867 781.534
174.189 -556.21
174.839 259.99
175.009 -623.029
175.058 663.399
175.333 497.386
175.56 198.885
175.979 805.33
176.256 -731.636
177.877 -976.151
177.879 317.034
178.017 -697.341
178.416 -583.748
178.531 -550.466
178.642 -871.305
178.772 487.331
178.833 376.62
179.57 -690.565
179.935 -182.113
180.039 -299.922
180.198 -724.01
180.212 -120.311
180.538 741.896
180.572 598.214
180.695 -422.593
181.075 344.55
181.168 -746.314
181.182 194.635
181.314 712.173
181.45 599.496
181.815 -965.227
182.089 -354.921
183.37 -648.232
183.782 975.685
184.057 -887.63
184.729 187.243
185.016 -318.223
185.168 -991.217
185.239 -918.495
185.87 -190.68
188.163 -851.109
188.234 14.3954
188.43 -115.638
188.522 -970.946
188.758 -322.226
189.523 -72.6667
190.532 755.948
190.667 -352.475
192.228 309.593
192.258 251.742
192.361 -562.924
192.736 274.539
193.161 569.097
193.29 -642.496
193.335 511.89
193.72 114.105
193.765 339.51
193.937 -462.15
194.437 597.928
195.286 747.117
195.503 302.541
196.446 -974.591
196.896 -278.218
198.626 -260.482
199.268 -457.058
200.16 115.519
200.346 126.522
200.382 -705.963
200.453 931.056
200.948 779.663
202.359 -356.931
202.857 -510.157
202.98 -525.233
203.697 -266.704
205.763 -338.318
206.234 -158.284
206.451 182.212
208.269 263.979
208.762 -264.691
209.952 625.266
210.68 810.228
211.841 -640.719
211.89 957.44
213.21 197.552
213.233 -102.061
213.666 975.027
214.041 320.543
215.479 521.046
216.115 380.816
216.458 554.982
216.569 -946.192
216.746 -179.195
218.762 570.276
219.123 20.9657
219.177 720.939
220.61 -592.376
220.677 -313.331
220.684 -191.866
221.432 -862.137
221.92 926.438
222.962 -233.859
225.374 12.7745
225.661 825.78
226.577 361.089
226.668 208.251
226.679 290.792
226.681 -54.0735
226.731 747.434
227.511 -900.155
228.17 909.721
228.2 -630.488
228.247 -165.398
228.297 -838.46
229.131 -329.746
229.561 679.494
230.936 289.995
231.575 -662.265
232.645 -519.03
233.22 895.246
233.667 959.799
234.886 484.247
235.786 -668.349
236.274 -699.261
236.625 693.136
236.632 48.5014
236.856 101.369
237.084 307.547
237.417 696.497
238.04 -669.219
239.016 844.597
239.331 -135.612
239.459 -537.603
240.558 754.115
240.974 -102.206
240.995 657.298
241.907 -195.866
243.193 -655.789
243.232 231.671
246.035 -35.3355
246.714 -555.445
246.867 649.519
247.171 -498.935
247.373 960.538
247.569 710.318
247.677 -713.205
247.871 681.994
247.878 -996.899
248.062 82.7463
249.156 -179.024
249.267 82.7009
250.296 276.699
250.364 733.691
250.947 545.698
251.136 -262.875
253.276 -936.102
253.279 138.613
254.968 92.8445
255.115 -167.575
255.119 230.205
255.169 722.357
255.313 -70.7676
256.013 -692.874
256.878 796.936
257.726 368.029
258.394 123.611
259.234 126.45
259.33 -509.563
259.719 -5.31299
260.872 -358.821
261.158 108.744
261.443 -147.775
262.095 674.13
262.388 555.898
262.471 -250.02
262.697 -917.575
263.686 190.936
264.157 -866.661
264.298 -439.601
264.705 471.247
265.008 -86.6102
265.282 -691.702
265.389 -133.575
265.727 -123.313
268.496 -799.43
269.209 -58.8944
269.958 -970.342
270.217 -441.41
270.499 796.854
270.727 883.927
271.756 742.378
272.185 895.873
272.511 609.027
272.697 -808.638
273.342 -0.901078
273.561 -563.209
273.588 290.26
275.125 -765.9
275.548 -793.12
276.027 943.665
276.632 117.062
277.009 -501.356
277.53 -997.39
277.552 512.909
277.682 -913.696
277.723 -560.956
278.098 73.1519
278.121 -372.611
278.16 -565.215
278.857 -600.757
278.99 97.2473
279.473 620.11
280.48 491.338
280.574 -963.034
281.433 -50.6413
282.361 -467.057
282.621 344.532
282.975 584.038
283.41 729.188
285.283 -753.7
285.576 268.181
286.031 589.737
286.328 120.687
286.506 -299.265
286.601 -41.0588
287.305 -652.612
287.853 -711.336
287.906 881.536
289.176 -586.123
289.372 -306.626
289.633 -923.711
290.462 15.3372
290.714 -822.772
290.972 123.631
291.306 249.5
291.366 156.429
291.555 -294.204
292.947 163.548
293.493 429.741
293.684 -987.887
293.728 526.488
294.633 5.43825
294.685 798.731
294.868 546.271
294.894 506.556
295.192 -780.068
296.126 -162.492
297.135 -488.117
297.673 360.319
298.407 -197.932
299.046 -943.016
299.391 971.212
299.425 608.325
299.605 107.276
300.343 -970.716
300.424 -461.926
302.106 347.056
302.334 260.239
302.396 561.44
303.812 -698.877
304.02 677.248
304.535 238.765
305.041 -23.6564
305.124 -732.258
305.444 277.532
305.834 -729.467
306.265 -727.46
306.34 628.244
306.671 -772.116
307.376 640.692
308.368 350.06
309.063 -937.112
309.177 -73.8419
309.193 549.977
309.255 37.8902
309.49 644.291
310.216 543.358
310.418 -974.58
310.481 117.688
311.324 196.287
312.164 796.541
312.745 913.725
312.76 -247.284
313.131 -990.005
313.304 76.4076
313.368 -841.586
314.487 -242.494
315.942 159.152
316.025 -810.979
316.075 -756.354
316.602 913.494
316.946 -814.655
317.132 401.428
317.899 158.256
318.166 697.301
318.203 316.591
318.704 -19.9128
319.043 -385.985
319.523 615.385
320.124 945.473
320.695 -824.216
320.739 -7.89811
320.819 -854.395
321.14 -387.47
321.491 975.821
321.698 -57.7101
322.544 -99.0019
322.68 -791.28
322.756 363.909
322.786 811.235
322.994 470.19
323.015 -351.561
323.766 -708.857
323.881 -468.116
324.074 137.859
324.556 603.388
324.827 927.534
325.596 612.895
326.503 561.277
326.764 799.993
328.384 -606.204
328.618 -608.045
329.507 -116.062
331.415 -609.019
331.956 -501.323
332.212 699.876
332.448 -253.402
332.493 -759.447
332.5 -173.543
333.257 345.388
333.969 -60.0339
334.193 -41.5037
334.696 353.689
335.16 -29.9042
335.31 -443.299
336.707 364.497
337.387 100.128
337.388 -990.198
338.44 -213.591
338.638 970.626
338.681 -877.218
339.396 -320.74
340.487 800.709
340.921 -413.091
341.11 391.935
341.121 415.276
341.18 902.944
341.449 -153.306
341.823 -37.7708
343.044 201.233
343.083 875.844
343.332 793.972
343.473 114.129
343.869 385.798
343.908 793.738
345.724 -627.235
345.977 213.741
347.081 -831.893
347.647 -515.81
347.899 -413.655
348.063 919.32
348.245 -957.931
348.371 -203.476
350.128 -247.179
351.686 -866.249
352.233 618.605
353.089 788.173
353.419 -841.89
353.576 545.237
354.812 152.018
355.185 -618.867
355.469 -408.868
355.484 -303.206
356.028 -486.362
356.773 901.631
357.912 -338.866
358.386 332.656
358.494 -693.922
359.308 -737.651
360.065 -194.094
360.435 -809.87
360.767 -839.596
361.06 119.444
361.409 -666.136
361.499 -351.247
361.672 -72.7977
362.593 -394.632
362.824 -414.582
363.025 -58.6966
363.086 576.036
363.672 -435.679
364.445 351.425
364.626 283.946
364.702 56.9631
365.413 480.269
365.906 518.807
366.033 -822.432
366.254 505.166
367.477 -536.836
367.565 -727.383
367.789 980.305
368.043 -654.14
368.8 -638.465
369.217 270.565
369.472 981.882
369.536 -465.181
370.395 -127.396
370.49 113.82
370.586 936.083
370.892 -766.908
373.492 -176.682
374.001 907.866
374.171 160.795
374.712 610.318
374.723 -687.453
375.254 -75.8296
375.75 657.293
375.86 -211.228
376.293 452.152
376.467 -299.886
377.019 654.065
377.306 -352.472
377.755 -247.751
378.035 533.738
378.19 369.61
378.895 130.477
379.318 -512.564
379.494 612.254
379.509 -982.679
379.987 966.848
380.233 -455.482
380.475 957.512
381.133 -18.0149
381.178 679.268
382.237 949.652
382.301 -913.547
383.141 -49.8412
383.355 -782.726
384.928 224.378
385.298 -484.817
386.352 312.716
386.587 -378.713
386.798 222.593
387.212 -745.455
387.261 -953.891
389.112 828.494
389.136 -941.195
390.075 869.671
391.212 -294.748
391.819 125.629
392.273 958.922
393.769 -625.884
394.033 -58.3841
394.271 -112.794
394.82 445.841
394.863 -924.842
394.937 -104.012
395.14 783.122
395.567 568.415
396.127 300.178
396.651 -974.406
396.957 -543.953
397.842 428.579
397.915 -290.124
398.431 -742.096
398.454 -515.888
399.521 221.549
399.889 475.837
400.064 -387.989
400.541 975.632
401.7 624.37
402.047 405.187
402.869 -382.012
403.532 258.009
404.796 601.598
405.87 -435.286
407.478 -561.467
407.499 312.565
407.645 -96.4403
408.335 107.42
408.657 649.451
409.011 791.707
409.037 476.79
409.297 534.323
410.229 200.148
410.244 333.13
410.445 -917.523
412.049 762.665
412.563 -188.472
413.048 35.0623
413.056 -502.69
413.244 529.601
413.317 -379.95
413.628 624.841
413.946 34.1752
414.364 -778.759
414.429 403.593
414.621 -618.677
414.718 461.262
415.4 157.669
416.3 -663.86
416.374 139.363
416.377 688.716
416.907 -782.263
417.716 205.45
417.742 -357.888
417.993 542.199
418.287 705.536
418.665 38.0499
419.883 475.735
420.448 -518.89
421.573 851.885
422.072 104.635
422.302 -487.478
422.405 -398.236
423.243 -110.048
423.406 63.8837
423.65 -398.951
424.17 568.266
424.991 -338.685
426.114 -147.001
426.63 -68.3621
426.655 -456.278
426.911 -225.735
427.07 -541.027
427.173 -23.4845
427.565 1.61492
429.67 -489.737
430.039 385.557
430.299 72.9357
430.44 -187.771
430.603 469.248
431.033 -577.474
431.827 -268.499
432.104 918.136
432.321 -276.109
432.922 324.824
433.601 -15.457
434.275 -419.046
434.549 -532.915
434.578 913.513
434.728 472.85
434.897 905.202
435.543 153.259
435.602 -313.147
436.888 -560.085
437.312 -986.478
437.779 507.617
438.979 -767.023
440.186 494.679
442.422 -635.141
442.819 -127.486
443.13 -908.161
443.172 86.5513
443.493 91.3354
444.108 -560.774
444.433 -825.032
445.762 467.359
445.993 -689.602
446.525 -1.83722
446.597 -579.579
446.924 -592.34
446.947 416.547
446.961 499.289
447.47 331.311
447.745 -631.495
448.716 404.048
448.755 -425.725
450.74 296.687
451.062 -49.6635
451.777 541.401
452.007 -540.012
452.26 944.812
453.119 848.154
453.284 860.233
453.543 146.519
453.578 390.011
454.101 937.394
455.021 351.656
455.523 -409.949
455.6 -673.415
455.822 514.968
456.035 -502.765
456.823 -656.005
457.659 -718.525
457.963 329.738
458.461 -66.828
459.24 607.076
459.902 -991.601
460.538 -304.548
460.734 240.794
461.408 -895.901
461.526 -509.244
462.149 309.03
462.986 334.785
463.31 567.058
463.39 391.78
463.519 -205.843
464.704 -425.942
464.964 936.768
466.386 438.294
466.671 -524.491
467.332 -884.995
467.685 -436.533
467.884 -784.082
468.444 -48.0522
469.065 546.377
469.793 461.465
469.967 -505.569
470.091 -664.237
470.568 -534.16
471.281 -788.124
471.82 103.121
472.411 506.365
472.97 -996.672
473.049 244.07
473.124 829.741
473.303 -457.06
473.806 528.876
474.108 -658.985
474.128 -760.75
474.25 -931.576
474.687 368.24
474.752 12.9369
475.293 290.817
476.352 -24.836
476.676 851.097
477.092 917.354
477.975 -796.487
478.468 -772.157
479.082 193.154
479.149 22.0785
479.708 165.174
479.712 83.0746
480.096 572.947
481.814 418.729
481.927 -695.939
483.492 11.9423
483.834 223.069
483.939 799.955
483.946 -356.955
483.947 614.354
484.563 -373.557
484.602 6.65687
485.431 555.144
485.671 88.7525
486.794 -640.321
487.321 786.895
488.511 865.222
488.826 -998.337
489.178 -407.723
489.778 341.806
491.231 884.696
492.02 -965.429
492.306 -318.361
492.412 227.238
492.497 -477.65
492.673 -42.5982
493.267 167.733
493.46 -940.354
493.561 175.988
493.763 -495.488
493.771 -619.84
494.753 -579.704
495.712 828.726
496.114 -327.113
496.694 -474.516
497.479 34.9336
497.488 276.267
497.831 -684.722
498.916 -3.23037
499.046 875.457
499.225 -456.205
500.043 923.574
500.808 -811.591
500.86 -897.741
501.365 -27.9199
501.673 -297.149
501.993 366.702
503.406 348.082
503.92 -596.928
503.933 -592.435
504.166 884.176
504.335 75.7225
505.569 -584.414
505.704 -96.9382
506.127 -716.144
506.135 -874.283
506.289 -426.323
506.885 8.84365
506.933 -369
507.153 -694.407
507.355 525.398
507.365 -13.4403
507.732 759.924
509.43 955.366
509.885 -178.811
509.902 698.054
511.185 -115.767
511.394 223.343
511.991 828.215
512.573 -432.319
512.982 -595.774
513.17 -511.173
513.33 -808.293
514.543 -686.486
514.726 -345.903
514.816 -718.326
515.183 -469.491
515.28 720.016
515.378 -457.161
517.657 -13.4901
518.191 942.675
518.394 -745.304
518.498 -887.39
519.242 -903.437
520.127 -889.991
520.166 -519.355
521.046 725.986
521.23 -246.701
521.376 -462.176
521.429 -571.235
521.46 729.547
522.105 104.257
522.258 343.225
522.774 798.842
522.866 574.867
522.909 -240.864
524.351 390.25
524.409 968.352
524.608 698.605
524.734 43.3189
527.358 -538.534
527.428 141.306
527.453 261.775
527.552 -298.068
527.98 743.211
528.529 -535.564
528.908 -927.462
528.913 892.485
528.931 -950.553
529.072 -402.172
530.007 726.088
531.61 512.767
531.734 -408.08
532.561 671.27
533.246 -283.438
533.296 -982.546
533.32 -679.488
533.87 -450.401
534.234 647.11
534.327 441.479
534.535 -202.326
534.772 588.172
534.851 -414.509
535.975 -768.679
536.778 -512.846
537.221 221.44
537.722 -400.266
537.763 944.598
537.907 306.099
539.483 -790.678
540.191 620.678
540.339 -813.462
540.364 42.0041
540.812 -251.048
541.176 -143.708
541.305 754.406
541.558 -426.093
542.058 492.445
542.296 374.7
542.438 134.273
543.1 62.3457
543.125 538.058
543.994 -212.012
544.079 -963.458
545.884 -953.027
546.248 -467.545
546.5 385.608
547.932 -23.2285
548.705 949.326
549.742 -358.408
550.633 411.022
550.757 58.2188
550.854 817.944
551.595 518.253
551.672 -552.321
552.015 839.621
552.556 -931.62
552.659 -461.526
552.936 987.394
553.145 102.246
553.917 186.407
554.033 -126.446
554.133 -445.959
554.253 -194.953
554.258 927.045
554.312 825.444
554.318 634.431
554.965 692.244
556.3 -878.953
556.764 -971.191
557.181 500.168
557.391 959.379
557.393 -284.781
558.021 -948.014
558.057 428.567
558.46 252.536
558.846 -110.191
559.156 -47.5495
559.209 54.0874
559.261 -800.736
559.477 293.252
559.977 85.4046
560.416 -760.286
560.88 62.646
561.2 424.247
561.225 504.427
561.259 -739.165
562.394 -387.313
562.863 -695.347
563.303 18.0238
563.567 -824.289
564.175 637.998
565.94 169.822
566.803 -342.299
567.098 -745.729
567.231 567.923
567.399 891.26
568.092 654.279
568.394 29.7884
569.835 531.474
570.166 -320.786
570.322 -38.8219
570.931 -503.37
572.033 14.8211
572.227 87.0566
572.882 -394.262
573.255 -612.927
573.395 891.28
573.54 426.074
573.734 -651.884
574.346 -635.528
574.921 -917.884
575.681 885.812
575.695 -883.367
576.235 -140.297
576.68 -785.944
577.664 69.2784
577.986 460.703
578.768 360.12
579.096 941.362
579.284 -434.404
579.509 -236.676
580.026 56.4976
580.359 648.515
580.886 21.9676
581.191 68.0381
581.54 -975.664
581.606 856.712
581.994 734.361
582.714 -893.505
582.926 -321.5
583.41 -716.56
583.5 -192.214
583.839 171.051
584.069 110.141
584.322 526.075
585.221 553.414
585.32 -102.129
585.82 17.2538
585.881 -245.16
587.38 123.476
587.781 324.138
588.253 -77.0806
588.28 -254.315
588.3 821.732
589.256 -597.791
589.66 843.785
589.742 -958.733
589.76 5.66395
590.075 -805.54
590.279 -578.51
590.602 68.0455
590.636 -670.919
590.747 371.036
590.772 348.505
591.393 470.884
591.503 -470.939
591.872 39.0939
592.52 -521.246
592.785 237.089
593.502 935.506
593.623 691.361
594.157 -251.81
594.276 -182.172
595.311 -570.015
596.1 -879.302
596.218 -375.426
597.166 251.07
599.294 71.4973
599.871 -668.214
600.498 -205.298
601.381 -992.607
602.202 98.6686
602.551 -570.74
603.422 786.088
604.025 685.147
604.163 461.191
606.002 -871.278
606.064 311.414
606.114 590.051
606.647 533.066
607.388 -70.2632
607.445 378.186
607.801 -864.5
608.449 -25.9761
609.781 984.18
610.471 -636.555
610.871 716.2
611.062 -809.857
611.257 -773.19
611.795 -342.121
612.374 233.39
612.483 352.025
613.441 895.147
614.123 -518.191
615.343 156.108
615.689 -251.51
616.801 919.395
617.489 287.382
618.085 302.009
618.16 -184.055
618.18 195.248
618.211 949.728
618.963 -452.261
619.201 -124.679
619.252 -537.774
619.503 -390.239
621.411 729.844
622.063 -438.458
622.29 290.203
622.451 815.135
622.499 -661.51
624.222 -315.258
624.547 -393.622
626.553 -663.942
626.784 -426.728
627.462 259.456
627.52 507.266
627.524 -452.79
628.131 269.458
628.666 317.085
629.295 -491.035
629.903 301.411
630.013 388.789
631.223 585.816
631.328 -863.98
631.581 -735.119
631.861 -357.99
632.694 -113.671
633.101 352.696
633.343 -70.4323
633.865 610.439
634.088 -143.987
634.144 811.062
635.177 26.9718
635.975 -911.88
636.158 -696.748
637.466 801.33
638.778 -945.672
639.324 159.379
639.808 -752.833
639.944 -551.55
642 58.834
642.216 -469.417
642.368 -845.75
642.506 59.9667
643.414 561.104
644.331 64.1043
644.846 918.943
645.132 60.3121
645.714 -539.216
645.92 -814.921
646.284 711.52
646.441 -483.827
646.495 -602.9
647.367 976.033
647.927 683.734
648.208 106.608
648.581 -768.383
648.627 866.273
649.002 479.937
649.291 -665.107
649.405 698.8
650.033 -783.474
650.423 -804.676
650.689 -838.219
651.887 -880.1
653.545 -299.786
653.562 -623.366
653.783 3.08325
653.824 521.574
654.138 673.645
654.169 -685.971
654.242 249.103
656.089 27.514
656.544 285.362
657.634 -817.698
658.215 -111.983
658.456 400.262
658.803 694.544
658.856 -354.511
659.411 142.682
660.207 -371.861
660.576 -938.647
660.75 -445.453
660.799 -623.029
661.362 -852.564
662.135 -614.289
662.715 799.716
662.945 -31.1635
663.449 -176.188
663.569 481.543
663.784 469.253
663.975 67.4509
665.032 -712.193
666.023 -786.809
666.879 906.032
667.015 -184.737
667.693 766.812
667.78 -86.9814
667.886 941.361
668.435 186.179
671.654 -860.997
671.79 -237.787
672.675 15.8078
673.424 415.831
673.704 -578.784
674.41 715.8
674.541 759.126
675.581 484.616
675.772 -260.558
676.562 -581.46
677.459 -576.179
677.607 972.475
678.181 -368.772
678.834 258.755
679.7 -971.322
680.071 95.2095
680.1 195.701
681.591 -903.328
681.679 -141.08
681.758 258.661
682.731 -577.347
683.559 465.253
683.921 304.923
684.345 26.3483
684.533 100.969
684.955 -887.118
686.28 852.888
686.572 -580.93
686.68 -393.683
687.217 -938.731
687.708 137.083
687.725 -421.29
687.78 328.287
687.813 759.479
688.188 272.134
689.029 652.946
690.081 344.869
690.101 -193.591
690.156 297.997
690.235 832.933
692.558 348.954
692.635 -241.047
692.661 75.7172
693.29 -304.265
693.577 337.582
693.978 -584.528
694.106 676.473
694.233 -833.947
696.444 840.166
697.123 -541.119
697.601 -175.931
698.948 277.197
699.911 855.666
700.003 153.534
700.066 148.178
700.256 -762.387
700.587 34.8895
700.898 643.284
701.099 -901.643
701.575 -663.584
701.635 151.925
701.989 -644.87
703.67 -977.421
703.869 -859.216
704.455 -279.834
704.522 -132.286
705.378 400.143
705.793 816.025
706.087 626.313
707.052 596.318
707.293 180.853
707.71 141.195
708.195 29.5681
708.673 461.438
708.751 171.935
709.32 -534.803
709.799 -4.69513
710.461 -161.761
712.515 -877.88
712.613 843.354
712.86 548.044
713.11 -531.557
713.114 -296.965
713.621 955.317
713.785 738.241
714.082 52.0993
714.178 -776.663
714.256 -885.002
714.771 -476.443
715.105 -75.141
715.106 806.792
716.043 -975.757
716.403 -454.1
716.446 923.489
716.925 -69.9276
717.114 -801.4
717.305 -836.093
717.398 701.615
717.498 -862.125
717.989 370.024
718.856 292.273
718.946 185.063
719.669 -91.7475
720.868 445.382
721.317 281.901
721.408 -296.167
721.479 -962.165
722.01 357.047
722.049 109.968
722.215 760.441
722.231 -81.2293
722.594 -331.864
722.647 239.869
723.003 -907.524
723.728 -492.326
723.799 -675.064
723.863 477.733
723.918 -160.544
724.116 654.687
725.202 -237.976
725.279 756.976
725.825 988.492
726.365 493.462
726.573 -781.063
726.575 527.188
726.774 -638.568
727.793 909.939
727.795 -753.492
727.989 -591.425
728.252 -694.212
730.985 374.223
731.008 -521.202
731.175 790.078
732.003 922.99
732.376 882.285
732.418 -581.397
732.7 201.298
732.793 -754.369
733.147 -517.567
733.853 605.238
735.116 -413.418
735.287 -580.16
735.988 640.709
737.349 -771.082
737.488 435.581
737.527 362.427
738.517 -664.675
739.037 865.466
739.69 -864.948
739.979 251.447
740.636 -669.978
742.009 832.479
742.2 -781.583
742.384 -615.998
742.586 25.1416
743.093 996.647
743.421 213.436
745.618 737.124
747.008 -354.586
748.968 -368.062
748.972 -813.509
748.984 372.304
749.3 464.295
750.295 279.231
751.133 789.41
751.504 488.39
753.645 656.298
754.29 -77.7413
754.561 519.683
755.152 -737.126
756.483 812.294
756.658 272.628
756.762 107.665
756.896 -849.387
757.466 542.73
757.605 -932.304
758.313 -606.958
759.158 -566.168
759.385 173.477
760.047 993.613
760.381 -613.054
760.433 -956.051
761.376 -576.078
761.958 557.584
762.152 -827.498
762.394 633.273
762.658 -365.909
762.699 -47.2418
762.783 983.306
763.925 -683.06
764.18 9.69313
764.743 -152.911
766.5 -910.124
768.99 -62.8007
769.903 -506.282
771.158 -136.41
773.69 -308.353
774.975 -359.758
775.863 -808.427
777.33 -881.3
777.395 -673.45
778.228 -511.291
778.684 -640.545
779.735 494.944
781.07 -608.639
781.813 601.762
781.889 502.276
782.095 -715.765
782.296 -0.797191
782.549 -632.589
782.82 -14.1281
783.452 -614.452
783.459 -590.515
784.017 949.87
784.432 949.455
784.544 134.925
785.042 -669.316
786.449 -34.1958
786.649 -646.341
787.093 209.519
787.306 -375.137
787.459 -748.02
787.936 -438.071
788.173 -611.215
788.181 -967.381
788.592 -853.81
788.67 556.677
789.635 -141.054
789.863 346.701
790.814 571.742
790.889 -181.422
790.919 -66.2136
791.399 -880.735
792.611 -790.297
793.14 320.336
793.843 -202.823
793.945 74.739
794.413 -621.002
794.847 -931.646
794.892 757.35
795.015 401.164
795.596 879.728
795.757 -474.373
796.347 -707.035
796.486 -928.23
796.663 -969.363
796.933 64.89
796.957 876.386
797.714 -867.225
797.929 -356.224
800.381 65.672
800.839 -791.132
801.273 -329.912
801.325 -910.477
802.258 -392.478
803.039 20.7715
804.079 157.451
804.239 602.387
806.422 588.859
806.692 183.209
806.774 523.174
807.946 -932.755
808.138 -563.234
808.631 94.2249
808.712 -71.9866
808.924 13.908
810.25 397.013
810.302 -45.4835
810.679 895.971
810.698 751.113
812.029 -494.035
813.335 873.13
815.079 371.577
815.732 439.122
815.777 590.078
815.901 511.986
816.148 63.2379
816.193 349.286
816.775 789.134
816.828 -499.234
817.289 -921.175
817.359 -467.228
818.802 453.507
819.02 -854.115
819.726 354.811
820.292 -349.151
820.949 -56.6139
822.311 -382.658
823.362 -613.651
823.824 922.923
824.811 403.738
825.499 -595.956
825.701 -789.751
826.775 -296.067
826.982 -510.438
827.833 66.618
828.023 723.986
828.478 64.6541
828.531 676.944
828.852 -829.608
829.807 -418.62
830.046 774.941
830.29 15.8318
831.888 -657.717
834.758 -79.3515
836.136 -529.865
836.262 -387.753
836.643 -701.182
837.642 -699.592
837.926 170.86
838.209 -655.367
839.819 308.976
840.138 820.843
840.41 -23.4255
840.775 -899.324
841.221 -325.013
841.626 -171.823
842.95 -579.548
842.972 -265.853
843.256 374.46
844.055 -526.488
844.902 914.402
845.255 -235.382
845.56 538.065
845.937 -485.252
847.118 -893.496
847.724 802.14
848.065 -796.307
848.366 -487
848.754 -310.421
848.994 -426.033
849.087 -749.503
849.166 -558.432
849.792 653.115
850.358 -895.477
850.423 918.701
850.947 129.81
851.251 236.8
851.646 -161.647
852.415 334.491
852.897 113.719
853.63 -591.869
853.66 -648.105
853.946 99.2033
855.292 -15.5654
855.345 192.987
855.607 319.484
856.044 -750.18
856.511 644.671
857.096 958.839
857.774 -345.864
858.405 838.188
859.059 888.033
859.122 -867.725
860.422 895.061
861.1 -583.611
862.124 45.0601
863.176 434.561
863.359 -572.036
863.772 -965.327
864.356 21.8164
864.454 403.383
864.691 888.038
865.407 -604.046
865.783 -307.308
866.553 -892.817
866.658 778.048
866.854 -722.835
867.083 2.24513
867.224 973.439
867.763 -469.856
867.805 -82.9704
868.102 -303.433
869.096 758.335
869.679 119.467
870.753 -585.37
870.758 285.051
870.913 614.313
871.549 -691.348
871.593 926.724
871.9 940.348
871.989 -226.665
872.002 -203.567
872.052 111.949
872.666 892.05
872.813 681.504
872.911 448.765
873.034 455.776
873.044 -746.377
874.903 479.971
875.129 -864.782
876.375 -222.583
876.463 541.69
876.474 -640.591
877.273 660.494
877.553 -970.435
877.829 926.489
878.123 78.5843
878.515 821.847
880.429 -194.669
880.737 456.008
880.791 -364.126
881.472 414.632
881.798 -472.297
882.221 213.352
882.586 196.644
883.748 268.127
884.054 233.619
884.085 224.577
884.35 -983.562
884.468 -666.978
886.065 238.762
886.654 -382.412
886.912 -863.799
888.058 764.088
888.249 709.379
888.477 631.739
888.711 -633.049
889.249 -73.2126
889.363 -280.991
889.417 233.923
890.787 93.925
891.272 -795.172
891.664 16.8933
891.979 171.628
893.954 -392.482
894.113 850.666
894.427 -222.818
894.91 -384.793
895.708 -570.54
895.788 5.27653
897.916 -674.032
898.055 865.942
899.868 976.24
899.932 961.173
900.476 -24.14
900.523 -328.883
901.1 791.923
901.535 -646.624
902.479 327.811
902.67 774.567
902.676 27.6396
902.898 821.825
902.962 772.717
903.24 948.781
903.497 156.786
903.545 -500.995
903.709 291.491
904.018 -996.085
904.04 555.847
904.773 662.684
904.927 957.975
905.139 879.234
905.368 -308.498
905.433 36.0454
905.759 493.842
905.972 375.292
905.983 -665.518
907.056 -3.4657
907.312 -874.853
907.861 -477.357
908.022 702.59
908.189 -92.0985
908.392 -49.4751
909.131 -98.1535
910.888 -138.429
912.724 -571.481
913.019 948.151
913.215 -868.692
913.55 27.9623
913.666 518.286
914.071 50.5633
914.189 275.725
914.553 -135.19
914.909 141.464
915.207 596.444
915.584 287.297
916.706 586.252
916.768 670.03
918.024 -392.347
918.347 261.873
919.965 -971.785
920.143 713.382
921.133 -435.031
921.389 485.919
921.689 -112.918
921.846 -506.91
922.104 -19.5948
922.784 76.2757
923.06 898.879
924.176 749.588
924.477 -137.68
924.643 -797.81
925.155 -848.84
925.278 734.063
925.769 475.702
926.227 -167.968
926.406 -863.276
926.704 -995.417
926.717 -316.209
927.689 245.57
928.029 800.088
928.873 37.5148
929.411 -823.837
929.969 555.35
930.873 714.143
930.876 -348.883
931.253 -793.866
931.375 302.359
932.095 260.343
932.313 -528.076
932.64 951.734
933.361 394.98
933.531 484.724
933.794 208.53
934.075 -835.726
934.202 -640.548
934.859 -18.6409
934.98 -560.937
935.469 -320.737
936.449 847.483
936.516 899.549
936.597 658.309
936.752 -766.574
938.023 896.447
938.678 94.588
938.812 -821.771
938.845 671.235
939.348 -76.7748
939.586 -334.425
939.696 -600.297
940.231 -785.301
940.476 -100.772
940.771 -589.436
940.997 -224.906
941.284 613.501
942.873 -25.3213
943.098 987.847
943.692 125.852
944.624 347.027
945.423 250.842
945.538 -449.196
945.878 264.226
947.129 19.2564
948.886 63.7482
949.614 698.345
950.278 -305.41
950.452 808.893
950.835 -740.609
951.362 774.673
952.223 -395.509
952.781 848.633
953.997 766.317
954.352 -313.711
954.449 -785.534
954.915 -575.653
955.203 37.6376
955.886 728.205
958.033 -792.654
958.037 905.447
958.184 -620.21
958.423 952.035
958.817 -240.005
959.735 -845.65
959.978 -157.458
960.052 -277.011
960.375 -571.29
960.564 544.285
960.565 -963.979
961.528 -521.472
961.663 -171.383
962.806 -477.814
963.023 555.027
963.781 828.822
964.658 -215.351
965.276 506.513
965.398 -780.074
965.912 -602.273
966.029 -15.5505
966.707 434.262
966.716 985.246
967.255 -732.089
967.295 -735.861
967.59 332.527
967.669 -269.103
967.879 -429.703
968.027 -571.611
968.199 883.85
970.401 -904.447
971.312 579.298
971.388 -225.625
971.63 -364.858
972.588 130.037
972.655 482.682
972.791 -611.928
973.143 469.01
973.19 393.592
973.807 927.263
974.201 -123.252
974.215 -387.931
974.652 323.635
974.88 -671.475
976.878 197.648
977.182 -821.959
977.281 823.765
977.822 403.686
978.279 801.208
980.001 -579.137
980.876 -809.823
982.867 -177.366
983.807 -239.163
983.951 479.423
984.324 -728.549
984.891 59.6628
984.978 266.557
985.542 959.436
986.232 283.078
986.499 48.7719
987.113 -605.051
987.757 859.486
988.309 -43.4298
988.571 392.872
988.898 112.396
989.144 413.08
989.215 -536.023
990.394 -793.818
990.989 -545.479
991.019 -322.352
991.066 568.718
991.537 -142.219
991.882 71.5056
992.188 -325.073
992.245 559.843
992.288 177.432
992.719 50.4693
992.991 -667.175
993.276 908.651
993.428 726.256
993.597 309.31
994.887 -718.496
994.917 776.462
995.433 174.998
995.624 589.134
995.649 150.581
995.855 133.653
995.924 -666.067
996.292 987.463
996.293 322.458
996.785 304.969
997.437 -180.601
997.651 951.81
997.961 -876.042
997.998 -977.51
998.634 -422.463
998.929 399.857
999.075 -685.04
999.648 -9.32037
