4000
-999.992 -464.593
-999.93 459.363
-999.614 -999.704
-999.41 -208.13
-997.517 -28.8617
-997.155 192.455
-996.872 664.239
-996.71 90.31
-996.653 -456.889
-996.491 -828.674
-996.468 193.734
-996.45 259.36
-996 10.4002
-995.984 982.21
-995.602 955.765
-994.659 -749.997
-994.635 -239.214
-994.293 -732.665
-993.333 -730.754
-993.193 -183.069
-992.396 -564.145
-992.103 754.837
-991.399 472.753
-991.332 -838.421
-990.469 351.862
-990.374 -184.788
-989.555 -81.2216
-989.464 -706.8
-989.145 309.485
-988.513 834.707
-988.152 713.947
-987.445 -354.943
-986.681 344.532
-985.415 -220.894
-985.217 -136.894
-984.524 -966.585
-982.523 -620.582
-982.001 -33.993
-981.881 -788.869
-981.64 842.672
-981.258 -150.052
-980.485 49.1911
-980.095 179.849
-979.632 -935.715
-979.197 194.99
-979.02 32.8768
-978.966 -451.288
-978.792 -110.415
-978.752 -777.457
-978.689 -261.393
-977.992 980.784
-977.258 -729.261
-975.951 899.443
-975.873 817.6
-975.822 678.446
-975.614 -761.91
-975.079 306.064
-974.117 -829.998
-974.095 -927.576
-973.942 274.773
-973.584 339.723
-972.566 879.096
-972.247 302.127
-971.629 67.3071
-970.051 -70.7866
-969.236 -578.244
-967.612 -652.28
-966.675 -662.037
-966.553 -605.335
-965.609 668.354
-965.126 855.839
-965.105 737.993
-964.696 118.276
-963.811 448.108
-963.655 789.158
-962.835 -391.474
-962.386 -0.689987
-962.345 -825.483
-961.889 -387.029
-961.096 -208.475
-960.472 758.837
-959.647 830.804
-959.416 542.261
-959.112 204.85
-958.575 861.28
-957.814 232.42
-956.949 -181.337
-955.737 -990.566
-955.581 -225.539
-954.728 -174.543
-954.651 -905.587
-954.275 831.76
-954.165 -51.9951
-952.993 300.823
-952.666 -317.189
-952.146 -206.912
-951.745 -611.835
-951.574 450.574
-951.465 -855.232
-950.53 -716.386
-950.269 828.528
-949.768 -864.654
-948.644 729.098
-947.997 789.45
-947.939 -620.437
-947.765 556.732
-947.282 332.968
-946.587 -567.748
-946.172 -113.054
-944.384 124.613
-944.101 -80.0067
-943.826 92.0924
-943.615 121.925
-943.282 0.235849
-943.133 110.496
-942.936 64.6862
-942.935 465.896
-942.737 265.754
-942.612 327.121
-942.563 225.086
-942.191 854.338
-941.895 130.098
-941.813 -22.3905
-941.716 350.857
-941.454 -17.3278
-941 842.893
-940.395 -336.078
-940.353 978.441
-940.247 -566.642
-939.03 -756.222
-938.371 101.077
-938.164 356.796
-938.113 -293.405
-937.703 -117.014
-937.353 -443.551
-937.323 -128.989
-937.013 18.474
-936.887 784.834
-936.637 -745.136
-936.003 503.935
-935.892 677.033
-935.854 971.118
-934.815 280.002
-934.572 459.59
-933.97 -796.656
-933.175 834.462
-931.858 -199.438
-931.576 394.936
-930.888 345.917
-930.855 772.159
-930.749 74.2077
-930.242 254.606
-929.8 -163.836
-929.383 -200.779
-929.262 -792.266
-928.378 -130.22
-928.296 11.3396
-928.243 -355.156
-927.978 -860.002
-927.024 -320.537
-926.831 483.43
-926.233 -837.111
-926.121 -420.351
-925.636 -175.142
-925.601 878.202
-924.637 -490.932
-923.212 314.845
-922.957 598.739
-922.861 454.767
-922.853 -167.407
-922.436 134.001
-922.235 -938.537
-922.228 -581.958
-921.599 -185.717
-921.35 -700.023
-920.625 -541.17
-920.475 -447.608
-919.779 622.84
-919.757 99.4135
-918.613 182.196
-918.453 -779.891
-917.594 311.767
-916.178 330.851
-916.01 -332.904
-915.49 -629.648
-914.631 358.489
-913.734 -163.958
-913.641 -809.366
-913.23 -843.851
-912.771 -292.542
-911.766 -622.056
-911.521 -261.195
-910.75 -547.267
-909.341 227.349
-909.151 778.348
-908.789 -354.765
-908.592 594.003
-908.181 51.1515
-907.419 815.564
-906.054 862.64
-905.845 -210.126
-904.869 827.439
-904.529 -715.898
-904.352 538.072
-903.381 -703.281
-902.489 -988.905
-902.105 916.334
-902.074 117.782
-901.724 944.276
-901.55 -896.582
-901.502 380.574
-901.409 -240.408
-900.4 691.661
-900.027 -868.248
-899.619 974.98
-898.56 90.7157
-898.429 -159.082
-897.959 675.225
-897.843 -458.729
-897.431 -453.933
-896.927 542.81
-896.557 -385.983
-896.456 -337.195
-896.43 -40.8305
-895.869 434.848
-895.831 847.051
-895.099 -104.588
-895.008 -120.679
-894.582 -65.4464
-894.17 -1.72189
-894.166 -900.201
-893.845 -70.6405
-893.689 252.498
-893.415 -421.159
-893.133 -247.974
-892.5 -127.562
-892.395 375.39
-892.354 -451.372
-892.097 -851.969
-891.019 245.692
-890.65 356.395
-890.479 170.317
-889.918 807.399
-889.905 115.087
-889.823 -797.957
-889.794 -193.999
-889.262 205.187
-888.08 215.737
-887.981 162.836
-887.899 389.821
-887.776 703.376
-886.639 -998.697
-886.624 599.796
-886.077 470.965
-886.06 -387.584
-884.471 -864.703
-884.401 988.634
-883.022 583.293
-882.862 209.858
-882.692 -696.706
-882.299 -614.08
-881.212 313.634
-878.688 -971.607
-878.192 -944.52
-878.133 381.701
-877.81 242.599
-877.485 -478.462
-877.208 -425.391
-877.068 418.344
-876.497 -231.753
-876.377 269.21
-875.742 261.119
-875.532 444.019
-872.099 -737.695
-871.93 444.907
-871.683 -394.257
-870.485 838.164
-870.443 439.062
-869.003 482.445
-868.395 904.206
-868.112 -679.7
-868.004 725.889
-867.876 -455.358
-867.768 -254.613
-867.248 415.387
-866.995 -40.9978
-865.369 -445.714
-864.576 -900.088
-864.274 701.163
-864.224 715.563
-862.776 90.2696
-862.502 -605.613
-861.703 -217.159
-861.524 -628.24
-861.482 -653.028
-860.961 341.21
-859.613 515.631
-859.507 280.76
-859.271 -733.185
-859.19 -619.149
-858.281 297.478
-857.1 -387.452
-856.786 628.628
-856.592 355.538
-856.183 -306.341
-855.893 942.616
-855.556 -958.108
-855.1 464.463
-854.902 343.301
-853.138 -998.768
-851.987 -1.20574
-851.761 -626.95
-851.593 -712.131
-850.74 199.59
-850.51 -235.14
-850.194 99.6983
-849.911 990.554
-849.88 -36.6994
-849.832 -92.787
-849.831 -715.392
-849.638 -214.379
-849.509 347.543
-849.025 572.151
-848.918 -858.751
-848.384 -196.515
-848.189 407.04
-847.672 472.71
-847.041 -884.8
-846.409 830.936
-845.891 355.423
-845.589 759.31
-845.468 326.731
-845.32 291.674
-845.134 -871.034
-844.978 -813.387
-844.663 -586.341
-844.646 736.291
-844.286 -418.886
-844.237 -492.092
-844.229 -37.905
-843.71 880.17
-843.486 475.373
-843.418 -948.862
-841.737 -611.947
-841.315 -900.63
-840.444 -556.485
-839.488 -935.533
-839.423 -914.626
-838.88 595.674
-838.404 601.629
-838.389 110.338
-837.471 757.839
-837.068 -127.64
-836.714 -255.363
-836.576 -746.729
-836.571 12.7637
-836.261 432.459
-835.834 226.846
-835.143 -926.493
-834.925 -640.471
-834.703 378.047
-834.58 -42.8574
-834.035 27.9644
-833.974 914.808
-832.013 643.753
-831.807 951.501
-831.579 571.813
-831.529 212.147
-830.89 -552.351
-830.808 371.486
-829.809 562.79
-829.569 -226.693
-829.094 -899.641
-828.92 952.717
-826.872 428.591
-826.419 -286.724
-825.977 435.664
-825.194 -504.075
-825.081 -838.811
-824.546 -87.7635
-824.074 -138.06
-823.37 -495.065
-823.299 -680.348
-823.117 -914.2
-823.056 530.451
-823.027 831.229
-822.559 -791.727
-822.219 -663.599
-821.928 178.856
-820.64 -95.8342
-820.53 -216.866
-819.422 327.693
-819.109 653.491
-818.603 578.802
-818.367 389.876
-818.074 -120.627
-817.951 670.3
-817.659 218.154
-817.546 789.503
-817.339 232.88
-816.997 -185.586
-816.821 783.332
-816.688 793.983
-816.476 382.099
-816.066 -699.416
-815.655 936.092
-814.835 14.254
-814.58 -928.055
-813.837 -132.747
-813.041 -294.699
-812.854 -18.7439
-812.353 -937.494
-812.217 -661.713
-812.034 -246.457
-811.441 -994.726
-811.428 764.82
-811.25 318.078
-811.171 472.787
-811.012 317.713
-810.767 -33.6797
-810.274 -591.675
-809.923 -877.701
-807.646 -563.664
-807.457 231.249
-806.834 719.158
-805.713 261.136
-805.641 -346.155
-804.808 -89.051
-804.562 -991.169
-804.403 -237.452
-803.605 -410.091
-802.604 -339.736
-801.854 652.395
-801.67 -783.376
-800.715 -9.98742
-799.454 -822.396
-799.412 975.13
-799.009 627.953
-798.466 -333.816
-798.459 872.581
-797.98 -135.924
-797.755 623.599
-796.726 -509.809
-795.494 -48.0538
-794.976 -96.0676
-794.763 -852.712
-794.408 -25.7151
-793.946 311.971
-793.529 353.882
-793.194 381.914
-792.519 -532.987
-792.157 -418.373
-791.877 -552.585
-790.589 851.11
-790.269 -941.674
-789.925 321.771
-788.883 116.235
-788.504 733.22
-787.881 -828.244
-786.127 -198.629
-785.926 -919.858
-784.903 744.76
-784.367 -771.595
-782.463 -265.787
-782.246 -814.958
-782.177 -299.63
-781.661 880.395
-781.42 639.019
-780.846 -547.497
-780.549 -538.785
-780.094 -882.923
-779.466 269.348
-779.127 554.623
-778.659 750.822
-778.362 426.032
-777.867 -405.263
-777.254 -230.721
-776.905 185.406
-776.522 -485.462
-776.492 64.8636
-775.95 230.229
-775.809 597.256
-775.138 895.639
-774.747 -902.755
-774.033 -567.331
-773.281 -172.778
-773.253 251.898
-773.182 -479.912
-773.059 -49.4408
-772.83 -821.355
-772.764 67.7622
-771.654 200.714
-771.349 -651.862
-770.878 315.958
-770.788 559.502
-769.978 -135.223
-769.889 810.739
-768.814 -65.1221
-768.491 57.6238
-768.459 -749.722
-768.279 727.787
-767.85 -608.603
-767.796 81.8499
-767.124 -517.371
-766.822 539.705
-766.672 -795.72
-766.513 138.071
-766.219 -414.954
-765.898 629.957
-764.309 301.24
-763.965 986.849
-763.916 398.993
-763.558 167.765
-763.502 -120.502
-763.38 8.20694
-761.825 665.869
-761.113 -642.357
-760.795 -813.855
-760.686 692.867
-760.247 8.50449
-760.122 -866.085
-759.664 401.762
-759.536 87.2703
-759.438 -967.126
-759.3 -211.539
-759.01 -747.822
-757.824 616.279
-757.66 205.784
-757.27 791.781
-754.671 -319.828
-754.583 -72.5549
-750.893 -85.7304
-750.862 -198.023
-750.227 510.141
-749.961 47.6093
-749.461 -187.949
-748.6 442.977
-748.408 -831.072
-748.112 -242.092
-746.849 459.969
-746.557 635.924
-746.467 18.3687
-746.41 -363.11
-746.068 -399.316
-745.066 -875.357
-744.753 -423.579
-744.594 890.664
-744.576 68.6542
-744.378 -429.868
-743.239 697.215
-742.214 -319.81
-742.098 -614.546
-741.773 566.244
-741.614 92.9821
-741.124 258.656
-740.442 602.482
-740.223 688.992
-739.219 -499.831
-738.777 142.194
-738.488 -546.209
-738.293 611.81
-737.647 -308.154
-737.629 -514.88
-737.02 540.394
-736.531 -220.143
-735.951 516.305
-734.548 181.975
-734.299 -127.172
-733.948 -983.728
-733.349 791.426
-733.02 916.731
-732.986 -876.044
-732.952 542.738
-732.925 -367.339
-732.501 -610.785
-731.966 -653.882
-731.684 536.538
-731.68 343.025
-731.657 919.539
-730.818 -154.145
-730.518 -757.913
-728.732 -989.249
-727.784 577.627
-726.964 683.402
-726.864 -767.82
-726.13 123.126
-725.621 586.369
-725.405 760.38
-724.66 -690.519
-722.967 668.883
-722.93 111.538
-722.586 -617.553
-721.251 -661.973
-720.783 529.111
-720.551 -109.721
-720.257 600.067
-720.214 646.405
-719.857 185.896
-719.316 460.944
-718.573 786.413
-718.562 -247.354
-715.871 -261.745
-715.749 743.543
-715.535 -713.737
-714.928 -775.384
-713.485 -774.064
-713.285 -683.787
-712.939 515.943
-712.821 857.967
-710.912 51.2945
-710.568 823.51
-710.326 732.911
-710.256 -408.543
-709.023 918.086
-708.834 -101.035
-708.291 466.385
-708.021 654.882
-707.467 402.915
-707.28 -200.021
-705.929 716.535
-704.949 729.692
-704.938 -661.998
-704.733 -591.402
-704.732 -897.067
-704.326 457.648
-704.285 -954.418
-704.049 263.148
-703.958 -260.919
-703.156 -664.573
-702.949 -53.4969
-702.234 -465.354
-701.274 -741.277
-700.735 -745.061
-700.359 -612.664
-700.316 93.9859
-699.925 234.133
-699.54 -921.892
-699.263 198.471
-699.055 -272.883
-698.27 846.374
-697.877 -934.059
-697.571 861.763
-697.089 637.315
-696.669 -291.447
-695.94 465.692
-694.976 202.859
-694.75 -593.536
-693.214 241.199
-691.944 620.621
-691.871 -621.783
-691.427 -431.531
-691.147 -771.329
-690.625 961.675
-690.393 308.507
-690.101 344.505
-689.825 -562.611
-689.488 323.649
-689.474 -156.301
-689.349 -670.168
-688.996 778.893
-688.588 39.0253
-688.213 -936.792
-688.129 -488.853
-686.026 -574.286
-685.409 -972.455
-684.532 668.381
-684.414 835.273
-684.062 621.822
-683.532 960.554
-683.175 951.775
-682.582 -242.717
-682.276 -156.547
-682.01 -252.871
-681.557 794.688
-681.36 -436.329
-680.874 193.099
-680.578 -437.491
-680.253 -356.72
-679.039 -762.139
-678.807 -574.397
-678.688 -802.998
-678.4 -65.3671
-677.468 -689.554
-677.15 -825.452
-677.126 -857.333
-676.793 -523.827
-676.572 744.084
-676.503 -859.04
-675.192 565.381
-675.042 -661.085
-674.962 627.102
-674.533 538.337
-673.899 827.187
-669.598 -829.459
-668.622 667.352
-668.115 475.809
-667.882 224.061
-667.05 -226.519
-666.606 -262.803
-666.363 995.843
-665.862 -844.725
-665.51 893.259
-665.09 105.975
-664.986 -841.437
-664.375 341.165
-663.628 -785.131
-663.198 -571.544
-662.283 234.868
-662.282 938.742
-661.92 430.286
-661.127 725.647
-659.299 900.106
-658.814 -844.611
-658.734 -271.485
-658.71 -927.036
-658.671 654.301
-657.514 -687.042
-657.403 480.217
-657.1 -59.6765
-656.974 -719.098
-656.816 951.991
-656.735 -580.873
-655.832 283.551
-655.772 -56.9902
-655.371 105.884
-654.55 -434.064
-654.369 -354.6
-653.636 900.298
-653.421 512.758
-653.37 691.245
-652.823 -614.676
-652.808 -444.879
-652.686 114.975
-651.846 -511.904
-651.261 574.238
-651.155 -726.761
-650.356 873.404
-649.649 -330.321
-648.325 -751.296
-647.476 644.528
-646.554 325.987
-646.553 -65.1298
-645.852 -585.569
-645.781 254.611
-645.738 940.673
-645.435 425.063
-645.302 105.68
-645.249 56.1397
-645.024 -184.532
-644.787 795.411
-644.443 -950.364
-643.846 -533.901
-642.625 -618.804
-642.542 -933.532
-641.9 126.253
-641.483 -93.8237
-640.073 -985.463
-639.487 -766.796
-638.814 230.454
-638.652 79.1974
-637.357 -347.273
-636.268 386.484
-636.192 -686.667
-634.752 47.2757
-634.318 381.777
-633.751 147.871
-632.709 212.852
-630.237 -831.751
-629.905 578.42
-628.37 707.855
-628.257 -728.446
-628.203 346.011
-628.143 189.545
-627.97 296.737
-627.909 -214.47
-627.809 -96.2875
-627.223 -467.465
-626.58 -131.989
-626.359 -489.192
-626.209 -673.033
-626.135 129.461
-625.41 -442.621
-624.999 -839.661
-624.674 -429.395
-624.645 -293.223
-623.721 395.363
-622.901 -432.954
-622.236 -413.56
-622.153 -633.229
-621.694 510.273
-619.875 876.599
-619.769 -643.193
-618.518 796.371
-616.589 -182.381
-615.557 -916.446
-614.46 -687.68
-613.098 -198.922
-612.456 -36.3337
-611.962 -600.721
-611.941 -509.732
-611.824 -372.169
-611.275 917.993
-608.981 145.614
-608.232 -85.8213
-608.123 850.546
-608.08 -734.627
-607.199 -671.129
-606.572 -547.708
-605.401 325.464
-604.808 296.628
-604.47 789.964
-604.119 -217.869
-603.561 -418.893
-602.776 60.5486
-602.742 969.934
-602.334 -167.322
-602.179 389.957
-601.772 -91.3893
-601.542 658.62
-600.243 430.091
-599.847 519.967
-599.706 468.888
-598.119 129.459
-597.805 282.1
-597.467 726.643
-596.594 -4.43646
-595.308 940.723
-593.951 443.921
-593.46 -554.352
-593.245 325.651
-592.538 -123.897
-592.254 -641.548
-592.127 -668.323
-591.574 272.616
-591.491 -679.588
-591.448 -466.122
-591.328 539.4
-589.087 851.489
-588.195 -353.706
-587.158 -671.543
-586.788 500.347
-586.524 -969.009
-586.011 -673.644
-585.803 -940.361
-585.502 -322.121
-585.42 581.575
-585.299 -811.913
-584.776 -722.084
-584.659 950.243
-584.334 581.247
-584.205 -145.85
-584.205 116.183
-583.839 978.046
-583.105 177.964
-582.739 -428.048
-582.483 -578.242
-581.738 210.527
-581.667 -120.355
-581.328 -744.977
-581.202 -889.303
-581.013 -762.687
-580.452 -920.501
-579.167 -490.753
-578.884 -407.128
-576.007 -310.076
-575.693 94.7632
-575.155 286.933
-574.517 -200.712
-574.484 705.516
-573.508 -375.803
-573.504 962.106
-571.526 89.7371
-571.373 236.751
-571.344 -315.734
-571.01 198.689
-570.714 776.156
-570.383 -101.236
-570.252 523.955
-570.026 -888.661
-569.897 -484.399
-569.855 112.854
-569.112 759.098
-568.773 -87.1188
-568.428 -295.02
-567.635 588.518
-565.614 59.395
-565.214 -548.056
-565.045 578.566
-564.502 -203.463
-564.434 -878.903
-564.424 559.849
-563.454 -607.563
-562.788 830.992
-562.622 866.654
-562.488 494.868
-562.416 -342.235
-562.017 -533.016
-561.63 -164.072
-561.475 -759.445
-560.952 914.878
-560.194 -678.299
-559.851 932.595
-557.034 362.174
-556.932 -157.29
-556.363 94.8965
-556.178 762.899
-555.867 93.8652
-555.818 121.117
-555.406 431.742
-555.335 725.394
-554.562 452.306
-553.898 581.4
-553.089 -458.638
-552.653 199.707
-551.836 -688.442
-551.103 -752.291
-549.709 -220.109
-549.018 497.07
-548.778 -571.793
-548.342 -840.903
-548.053 39.7781
-547.567 -147.816
-547.365 543.759
-547.31 -82.4047
-546.35 383.69
-544.819 -894.566
-542.616 668.37
-542.449 628.985
-542.086 500.855
-542.012 177.063
-541.89 577.697
-541.725 781.993
-540.849 -403.169
-539.424 -544.303
-538.939 -171.883
-538.778 803.508
-538.525 722.836
-538.401 -959.429
-538.366 801.903
-537.627 409.594
-536.746 500.807
-535.825 -584.63
-535.517 148.299
-534.495 -690.89
-533.505 257.602
-533.07 974.234
-532.948 987.008
-532.787 58.3182
-531.373 524.73
-531.031 774.233
-530.555 -795.451
-530.493 -295.895
-529.072 -612.762
-529.037 607.469
-528.628 -427.395
-528.593 466.932
-527.477 643.161
-526.799 -419.14
-526.743 685.905
-526.72 -463.111
-526.542 839.852
-526.009 -547.014
-525.923 643.571
-525.495 452.698
-524.509 -950.544
-524.31 -451.241
-524.133 68.5706
-521.602 -744.422
-521.201 -428.503
-521.095 -526.879
-520.558 359.702
-518.734 880.981
-517.67 -122.979
-517.351 984.81
-516.881 153.343
-516.42 -321.214
-515.54 662.682
-514.333 -597.121
-513.201 914.32
-513.052 -948.284
-511.398 -627.613
-511.284 774.008
-510.837 752.999
-510.5 -14.9562
-510.436 -743.877
-510.096 -586.11
-509.035 515.619
-508.801 -402.49
-508.322 977.04
-507.851 -418.315
-507.676 -343.579
-507.419 5.07175
-506.804 -836.481
-506.796 295.626
-506.663 -73.9575
-506.42 -338.194
-506.021 -522.266
-505.11 -602.561
-505.047 -65.6174
-504.597 -156.567
-502.708 -299.211
-501.89 -417.695
-500.28 325.578
-499.52 558.545
-499.359 -120.231
-499.33 682.243
-498.268 30.4443
-498.056 952.334
-497.85 131.151
-497.679 0.493198
-497.552 626.484
-497.147 141.687
-496.561 204.431
-496.472 -438.455
-496.104 -347.13
-495.796 477.032
-494.062 -706.528
-494.054 -498.88
-493.984 465.987
-493.586 -191.115
-493.215 -910.314
-492.909 326.109
-492.83 -342.109
-492.643 378.655
-492.299 17.2565
-492.253 -267.501
-492.245 -87.1303
-492.119 -879.879
-492.091 312.503
-491.425 -709.064
-490.734 459.872
-489.879 -576.624
-489.849 315.281
-489.803 927.988
-489.624 -384.606
-488.816 709.084
-487.999 -649.911
-487.774 -657.765
-486.84 -642.307
-486.628 504.975
-486.097 -255.57
-486.05 -512.611
-485.872 -246.218
-485.662 570.134
-485.147 398.969
-484.766 -630.161
-483.855 -199.565
-482.092 977.711
-481.278 988.889
-481.186 -320.808
-480.479 -70.6163
-480.308 -93.3704
-480.307 57.0889
-479.715 814.585
-478.985 674.212
-478.841 814.388
-477.646 -303.537
-477.109 511.594
-476.946 323.023
-475.413 668.605
-475.175 940.275
-473.716 857.963
-473.47 458.175
-473.227 444.417
-473.142 963.268
-472.723 346.503
-472.601 -923.013
-472.073 834.196
-471.688 -443.955
-469.799 415.978
-469.795 -567.818
-469.701 475.859
-469.654 434.423
-468.791 958.951
-468.519 631.627
-468.224 -659.697
-468.121 684.308
-467.415 139.553
-466.492 244.112
-465.692 23.1691
-465.621 -71.3741
-465.484 -499.223
-464.499 -64.4238
-463.348 -452.599
-463.13 -664.574
-461.601 -142.68
-460.833 -534.147
-460.653 761.8
-460.043 -924.114
-458.795 636.064
-458.592 116.665
-458.132 148.361
-457.563 878.206
-457.271 115.494
-456.379 50.4842
-454.902 -760.119
-454.421 318.273
-454.085 -591.672
-453.989 -928.22
-453.326 301.229
-453.284 -774.613
-452.825 -780.364
-451.591 -254.653
-450.929 -453.159
-450.601 631.133
-449.645 -257.267
-449.176 -98.2259
-449.086 -319.058
-448.89 -412.11
-448.476 391.043
-447.628 -362.143
-446.972 375.635
-445.328 79.0296
-445.269 -346.786
-445.139 -674.973
-444.728 886.723
-443.976 138.576
-443.837 281.622
-443.215 615.358
-442.528 10.3154
-442.428 71.302
-441.106 -893.393
-439.917 604.197
-439.493 -692.522
-438.454 -888.844
-438.314 356.938
-436.953 -55.6162
-436.897 826.33
-436.542 -246.991
-436.365 -309.538
-435.289 170.528
-435.251 209.461
-434.039 481.415
-433.871 401.115
-433.372 525.853
-431.722 -532.066
-430.053 -614.158
-427.954 -834.19
-427.294 -696.824
-427.195 -891.136
-426.986 355.359
-426.817 209.515
-426.576 413.297
-426.35 200.699
-426.155 -560.396
-426.152 616.588
-425.772 134.946
-425.7 -491.846
-425.219 -495.198
-425.214 113.778
-423.781 -331.722
-423.582 516.566
-423.431 -218.521
-423.068 -218.207
-422.494 330.321
-422.481 -924.575
-422.28 145.131
-422.203 -391.877
-422.069 862.75
-421.897 -642.187
-421.394 -313.072
-421.041 -577.214
-420.895 732.321
-419.984 -129.928
-419.107 137.164
-418.844 -986.617
-418.67 -291.58
-417.331 84.6827
-416.386 -694.187
-415.758 880.936
-415.285 580.738
-415.094 867.376
-412.831 -407.942
-412.746 -731.147
-412.348 -480.004
-412.179 281.093
-412.096 936.661
-411.901 804.011
-411.895 -354.417
-411.743 -404.406
-411.693 538.874
-410.803 927.417
-410.736 345.194
-410.561 337.515
-410.289 934.573
-410.18 -288.049
-409.865 727.049
-409.101 791.763
-408.782 -478.762
-408.543 -503.247
-408.169 255.65
-408.088 815.255
-407.167 -293.05
-406.769 630.611
-406.568 11.0736
-406.527 -372.423
-406.342 -644.249
-406.049 967.55
-406.018 131.647
-405.943 -46.6022
-405.82 -624.737
-405.633 378.804
-405.603 101.09
-404.456 -287.112
-402.924 -196.018
-402.703 131.969
-402.111 717.804
-401.093 612.584
-400.726 -217.993
-400.567 -812.229
-400.349 -606.68
-400.049 -356.201
-399.504 232.899
-399.49 -555.729
-398.523 -101.462
-398.37 -611.07
-397.107 -94.7222
-396.892 -484.444
-396.548 -358.273
-396.124 -852.363
-396.024 -950.018
-395.035 -502.907
-394.72 -58.2552
-394.405 479.516
-394.142 -794.129
-393.948 164.162
-393.828 -620.195
-393.006 619.81
-392.878 -488.521
-392.732 -824.176
-392.239 486.407
-391.923 -135.303
-391.58 320.742
-391.301 579.561
-391.266 -741.06
-391.076 -712.928
-390.85 123.9
-390.224 -787.073
-390.084 408.56
-389.933 187.479
-389.573 337.095
-389.565 970.672
-389.549 -852.826
-389.242 -983.943
-389.231 -728.321
-389.196 242.826
-389.01 -857.864
-388.622 294.185
-387.989 870.015
-386.431 -204.027
-386.008 -441.47
-385.622 -449.882
-384.991 802.506
-383.594 -886.105
-383.272 733.132
-383.164 -611.61
-382.967 789.523
-382.863 -997.202
-382.624 -960.933
-382.381 876.079
-382.086 551.401
-381.858 147.175
-381.356 107.174
-381.355 904.501
-380.812 886.573
-380.556 282.914
-380.396 841.863
-380.344 -140.695
-379.009 233.295
-377.327 81.3446
-377.319 -475.847
-377.131 691.131
-377.113 -323.375
-376.374 431.092
-375.175 -256.698
-373.887 800.191
-373.877 443.683
-373.7 404.373
-373.623 499.291
-373.288 -679.561
-372.713 281.352
-372.552 8.83791
-372.366 -831.678
-371.304 919.227
-370.233 -483.403
-370.074 -396.329
-369.944 -219.91
-369.731 262.304
-368.511 -622.567
-367.979 633.519
-367.592 -592.993
-366.566 -488.935
-366.33 882.666
-366.21 270.848
-364.99 736.523
-364.419 700.264
-364.221 166.716
-363.183 -901.833
-362.696 -818.724
-361.886 -257.118
-361.475 -922.864
-361.037 626.64
-360.97 307.204
-360.834 -612.326
-360.729 74.4713
-360.605 900.388
-360.182 377.42
-359.95 362.317
-358.863 108.624
-358.55 -356.655
-358.02 -795.838
-356.848 -565.117
-356.758 958.093
-356.148 -724.201
-355.984 353.472
-355.144 -582.847
-354.958 540.919
-353.455 -128.598
-352.84 394.394
-352.208 -618.008
-351.813 368.503
-350.703 614.656
-350.632 93.4592
-350.081 714.249
-349.827 790.852
-349.777 908.945
-349.767 -616.502
-349.743 430.766
-349.618 -202.222
-348.842 -748.466
-348.398 562.4
-347.994 45.8879
-347.67 -153.916
-347.126 500.474
-346.523 807.232
-345.843 -221.858
-345.758 260.397
-344.745 781.18
-344.418 620.922
-343.765 -721.012
-343.068 74.7192
-342.779 -974.069
-342.447 -575.866
-342.175 399.848
-341.968 99.6253
-341.447 -821.508
-341.013 -611.754
-340 -626.25
-338.015 -304.924
-337.065 617.451
-336.202 613.386
-335.692 451.572
-335.692 -325.274
-335.278 -397.313
-335.096 -812.389
-334.227 880.969
-334.031 -994.355
-333.811 -735.181
-333.399 702.36
-332.785 -703.109
-331.264 773.107
-330.938 -76.4421
-330.598 642.816
-330.373 825.835
-330.01 -380.579
-329.373 834.151
-327.806 -290.054
-327.779 531.44
-327.504 760.889
-327.503 446.303
-326.168 128.094
-326.097 -455.683
-325.893 851.891
-324.663 -827.762
-324.189 -818.808
-323.882 632.336
-323.75 -485.019
-323.69 -492.861
-323.298 890.399
-322.999 -67.1294
-322.611 -559.598
-321.768 826.55
-321.214 -560.193
-321.057 896.797
-320.968 664.015
-319.869 -573.157
-319.868 389.46
-317.178 449.508
-317.141 724.44
-316.899 450.797
-315.998 -201.208
-315.568 702.529
-314.752 802.837
-313.833 487.813
-313.698 366.377
-312.906 435.936
-312.844 -820.686
-312.829 -782.217
-312.788 259.959
-312.551 426.423
-312.21 39.0526
-312.108 840.408
-311.862 659.377
-311.829 -982.424
-310.903 243.024
-310.459 -489.336
-309.889 -916.711
-309.219 -831.366
-308.962 412.932
-308.83 446.937
-308.544 559.578
-308.165 447.313
-307.776 802.145
-306.296 916.713
-305.306 -300.932
-304.76 545.321
-304.36 -651.808
-303.67 240.594
-302.001 -617.471
-301.95 690.646
-301.347 -237.588
-301.331 -848.815
-301.235 -733.823
-301.208 596.117
-300.908 878.226
-300.069 -766.001
-300.069 381.547
-299.048 116.871
-299.041 183.135
-298.084 -164.061
-298.036 745.194
-297.31 -609.125
-297.285 274.361
-296.305 556.281
-294.246 -91.5406
-293.323 958.101
-293.063 -139.595
-292.659 852.185
-292.056 171.676
-291.934 650.553
-290.978 -627.803
-290.362 146.179
-289.792 -6.61369
-288.601 -526.823
-288.006 -39.2413
-287.265 -161.604
-287.232 257.634
-286.984 313.933
-286.809 -781.938
-286.648 -613.276
-286.6 -709.642
-286.054 479.659
-285.483 16.5414
-285.204 -32.1361
-284.901 716.901
-284.458 108.075
-283.918 680.904
-283.232 -16.4512
-283.175 311.429
-282.997 -701.987
-282.813 556.242
-282.576 -843.462
-280.367 -77.0262
-280.24 -149.023
-277.581 -721.745
-276.905 -352.694
-275.586 -876.616
-275.525 223.392
-275.264 685.696
-274.654 207.45
-274.444 -666.839
-274.437 -785.528
-274.103 226.462
-273.837 165.425
-272.399 -502.148
-271.71 367.73
-271.57 -984.547
-271.273 420.21
-270.368 -115.145
-269.276 -661.129
-268.387 -539.568
-268.192 -205.062
-267.003 -908.389
-266.448 965.387
-265.138 371.443
-263.323 -253.667
-263.211 -859.644
-262.499 853.157
-260.516 -141.085
-260.324 -465.497
-259.493 378.187
-259.424 875.558
-258.756 196.469
-258.554 917.957
-258.54 -793.01
-258.029 -882.585
-257.686 397.472
-257.297 545.48
-257.146 -429.041
-256.797 -334.798
-256.471 -389.273
-255.284 -910.847
-254.812 162.788
-254.694 -280.862
-254.422 -143.717
-254.27 -111.765
-253.783 -216.233
-252.691 697.242
-251.543 22.5056
-251.343 706.24
-251.192 253.221
-250.925 -329.345
-250.345 -482.787
-248.993 -237.712
-248.532 -342.228
-247.92 -485.608
-247.63 -280.432
-247.422 -496.383
-247.384 -280.582
-247.313 964.492
-247.083 -595.726
-246.887 -285.876
-245.906 898.264
-244.027 -246.015
-243.768 728.385
-243.453 -850.602
-243.18 -446.767
-243.066 788.487
-242.521 219.211
-241.84 625.331
-241.763 31.7558
-241.683 -366.905
-240.56 -716.148
-240.185 429.804
-240 -241.737
-239.899 556.412
-238.714 837.731
-238.398 520.279
-237.871 32.8288
-237.037 484.471
-236.541 697.532
-236.285 -434.639
-235.763 -756.643
-235.615 -172.657
-235.548 -45.1875
-235.356 650.822
-234.397 312.908
-234.371 173.043
-233.983 509.077
-233.52 97.5561
-233.449 -362.637
-233.292 152.832
-233.117 287.456
-232.983 -222.989
-232.15 -124.671
-232.054 724.502
-231.884 -733.005
-230.799 -988.881
-230.47 230.808
-230.427 -331.166
-230.32 308.196
-229.339 -522.296
-229.257 135.269
-228.825 -773.415
-228.304 -740.039
-228.212 112.872
-227.424 304.463
-225.808 -503.723
-225.791 87.0399
-225.508 -948.616
-223.848 691.063
-222.478 436.101
-221.367 768.369
-221.299 961.155
-221.085 336.238
-220.399 -925.794
-219.898 -706.831
-219.228 473.108
-218.948 798.674
-218.838 240.162
-218.242 797.599
-217.911 -834.476
-217.521 526.807
-217.49 566.042
-217.482 -111.445
-217.286 475.456
-217.047 -771.818
-216.985 642.074
-216.965 912.916
-216.268 -903.53
-215.127 -410.04
-214.799 -539.972
-214.786 -609.823
-214.643 -902.32
-213.455 -482.916
-213.091 -135.67
-212.991 108.565
-212.426 752.406
-212.024 891.41
-211.561 593.665
-208.419 -465.781
-208.259 917.341
-208.18 900.082
-207.652 844.55
-207.259 490.966
-206.85 -190.796
-206.31 417.259
-205.673 539.123
-204.748 -578.146
-204.436 -440.026
-203.807 723.349
-203.31 90.0922
-202.328 198.009
-201.643 -680.789
-201.053 841.098
-200.976 302.713
-200.793 384.744
-200.613 -322.818
-200.06 -121.009
-199.89 854.865
-199.099 -832.342
-198.853 -4.29593
-198.594 -315.557
-198.587 -516.378
-198.355 884.38
-197.69 240.139
-197.312 -296.878
-196.029 533.794
-195.885 -847.677
-195.096 989.753
-193.801 -361.74
-193.426 738.15
-193.421 -590.075
-192.721 -175.348
-192.321 -939.497
-191.201 655.109
-191.159 349.115
-190.569 -393.629
-190.037 934.56
-189.788 53.8779
-189.717 502.197
-189.065 743.73
-188.916 998.698
-188.329 195.941
-187.743 218.959
-185.651 -663.522
-185.613 -541.664
-185.496 652.266
-185.353 -513.208
-185.024 963.112
-184.889 -715.749
-184.283 -279.373
-183.691 -550.043
-182.057 251.485
-181.318 -573.275
-180.74 -858.669
-179.972 428.875
-179.54 820.15
-178.649 128.109
-177.643 694.994
-177.63 -654.17
-175.398 131.119
-174.836 -665.177
-174.216 -657.675
-173.65 -912.22
-173.625 474.806
-173.456 -345.829
-173.107 -719.28
-171.603 -138.07
-170.713 -883.605
-170.67 -443.353
-169.413 384.737
-169.194 575.56
-168.424 -308.955
-167.53 -285.354
-167.307 -966.202
-166.822 254.346
-166.37 -686
-164.494 247.643
-162.884 -780.836
-162.567 377.559
-161.659 201.612
-161.025 -126.113
-160.735 -207.084
-160.397 -551.42
-160.107 -951.807
-159.945 610.763
-159.568 371.289
-159.46 486.049
-158.554 111.559
-158.15 898.447
-157.904 147.789
-155.274 -312.962
-155.225 -204.04
-154.451 73.3799
-154.122 -669.95
-153.891 930.377
-153.771 898.596
-152.882 606.973
-152.74 -680.189
-152.737 345.606
-150.913 656.215
-150.364 340.43
-149.486 357.427
-149.458 165.856
-149.451 711.028
-149.315 103.893
-149.226 -555.927
-148.215 845.401
-146.989 -977.543
-146.966 -897.984
-146.95 -800.784
-145.309 99.4625
-144.973 -701.445
-144.851 -671.425
-144.383 -453.587
-144.122 544.33
-144.013 -937.746
-143.732 -532.902
-142.533 362.24
-141.854 24.4481
-141.542 269.183
-140.923 172.614
-140.887 -666.84
-140.597 -470.951
-139.69 -123.897
-138.753 402.729
-138.463 -906.139
-138.346 -79.5418
-137.476 121.062
-136.984 246.224
-136.606 47.2437
-136.34 499.214
-136.093 -65.7526
-134.688 261.222
-134.539 -385.926
-134.162 -880.498
-133.823 563.221
-133.586 -521.448
-132.273 -102.809
-132.255 41.6588
-131.973 108.425
-131.856 -711.145
-131.248 -298.903
-130.545 886.161
-130.231 -713.916
-130.198 -549.918
-130.126 -468.451
-129.761 807.392
-128.863 322.236
-128.838 188.927
-128.151 106.09
-128.087 -231.959
-128.047 -703.813
-127.92 -855.767
-127.672 31.6238
-127.559 -639.986
-126.796 321.475
-126.264 805.782
-126.16 -715.561
-124.848 -647.366
-124.843 198.024
-124.445 -235.643
-124.017 -941.842
-122.952 595.912
-122.677 -463.511
-122.595 733.973
-122.069 -772.572
-121.842 -4.72242
-121.586 688.602
-120.384 -920.152
-119.875 883.159
-119.807 24.4589
-118.925 -88.7272
-118.742 -608.685
-117.926 -496.795
-117.787 -827.337
-117.542 900.339
-117.423 809.933
-116.224 976.617
-116.101 485.73
-115.509 160.457
-114.277 -719.632
-113.973 560.014
-113.794 -833.57
-113.649 -24.7986
-113.458 734.339
-113.346 289.143
-113.289 269.793
-113.274 442.448
-112.509 -944.725
-112.149 966.44
-111.576 907.622
-111.395 -175.157
-110.984 -785.363
-109.77 -358.374
-109.744 -18.5223
-109.211 -500.975
-109.03 -925.456
-108.33 -845.384
-108.169 179.715
-106.86 636.13
-106.65 -265.186
-105.992 -195.784
-105.648 380.632
-105.631 143.71
-105.27 -721.747
-103.817 -667.274
-103.716 -14.1964
-103.64 -666.642
-103.015 930.059
-102.81 -537.621
-102.698 -713.453
-102.346 681.055
-102.156 -711.541
-101.683 652.626
-101.343 -203.783
-101.134 -245.26
-100.895 -118.94
-100.837 336.094
-100.621 477.792
-100.037 -233.694
-99.9362 907.494
-99.0276 354.853
-98.4748 -322.456
-97.5033 66.3785
-97.4748 876.913
-97.4744 -484.797
-97.4132 -308.958
-96.8968 704.666
-96.0446 80.6615
-95.6256 335.383
-95.2901 486.182
-94.7467 -246.983
-93.9765 -122.243
-93.8313 -845.11
-93.5267 -278.754
-92.8026 -157.616
-91.6596 249.394
-91.3995 554.571
-91.0574 802.117
-90.8332 -669.891
-90.6866 940.246
-90.0766 -839.86
-89.4906 717.051
-89.454 -8.33153
-88.0892 -566.71
-87.6492 -5.715
-87.5321 -181.382
-86.7753 332.229
-86.5971 183.774
-85.9511 198.331
-85.7497 -344.03
-85.0153 -143.415
-84.7248 -337.316
-84.6815 263.135
-84.3604 527.729
-83.3625 585.442
-83.3616 677.227
-82.8496 -634.668
-82.6223 -131.417
-81.9913 -572.869
-81.5535 928.728
-80.6083 -525.948
-80.4812 -447.821
-79.9775 -101.296
-79.6997 492.736
-79.4003 -966.998
-79.1754 905.098
-79.1476 269.427
-78.6398 894.838
-78.345 165.579
-77.9484 166.709
-77.5894 309.127
-77.3839 550.848
-77.0114 945.513
-76.9735 -349.706
-76.4426 -514.515
-76.3233 -436.468
-76.2664 -880.663
-76.1494 -358.055
-76.097 69.3714
-74.8242 -383.045
-74.3919 -760.321
-74.1694 998.836
-72.6858 926.192
-72.3948 -117.494
-71.8352 -810.395
-71.58 275.535
-71.4155 -670.116
-71.318 -832.998
-70.9415 816.419
-70.709 649.084
-70.3221 950.459
-70.2282 784.953
-70.2139 -403.468
-70.1767 -613.558
-69.9307 107.974
-68.9608 -807.353
-68.6147 727.894
-68.2822 405.605
-67.0028 -153.524
-66.2417 902.184
-66.1468 -264.755
-65.881 -542.957
-65.4353 -487.033
-64.9761 763.591
-62.2766 497.54
-60.5347 43.7891
-60.5275 911.715
-60.492 65.7784
-59.9756 281.646
-59.5019 -930.048
-59.3238 610.235
-59.1765 760.317
-59.0953 -127.276
-57.9164 357.025
-57.7641 682.989
-57.7626 281.124
-57.7052 975.581
-55.7686 438.698
-55.0955 980.611
-54.9231 -440.549
-54.6033 104.732
-54.3493 928.213
-53.9245 -182.816
-53.7191 -224.895
-53.5945 -697.574
-51.6847 -676.182
-51.6435 989
-51.3334 -451.608
-51.1284 -817.034
-50.8701 -477.585
-50.3089 129.432
-48.6771 404.57
-48.5879 -294.122
-48.4622 43.2455
-48.3348 480.82
-47.7999 805.215
-47.173 463.797
-45.3096 148.098
-44.384 134.904
-44.0262 -314.778
-42.8853 -907.917
-41.885 961.09
-41.5516 168.436
-41.4566 -849.803
-41.3316 865.292
-40.2526 -529.326
-40.1443 407.821
-40.0815 388.668
-39.6214 -149.787
-39.594 630.475
-39.4587 -985.151
-39.3337 -735.574
-39.3082 -653.003
-38.5533 -773.612
-38.5485 -964.751
-38.432 106.258
-38.183 912.929
-38.1296 -273.838
-37.8126 -974.102
-37.5858 20.6773
-37.0252 -855.93
-36.9518 56.8012
-36.2915 -88.9809
-36.1737 -215.925
-34.6994 -53.0083
-34.51 110.718
-34.0707 106.417
-33.183 779.632
-29.6128 -150.68
-29.1403 -249.68
-29.1379 -521.736
-27.5495 -133.439
-27.5144 -862.928
-25.9514 206.72
-24.9969 540.878
-24.9152 236.604
-24.2955 729.215
-23.947 -799.429
-23.6989 127.624
-23.4128 615.568
-22.8451 -237.325
-20.6907 -714.427
-20.0276 82.657
-18.9212 -916.282
-18.7272 -618.559
-18.662 -465.729
-18.6039 292.787
-17.0221 -116.619
-15.7826 161.37
-14.386 -10.7023
-13.4613 290.828
-12.869 -85.0666
-12.3914 -358.025
-11.5136 40.0124
-10.4577 705.8
-8.93869 -790.732
-8.29365 898.674
-7.51601 48.1154
-6.80464 991.882
-6.41862 164.563
-6.40427 524.386
-6.35759 584.018
-5.81319 337.993
-5.30347 137.754
-4.6386 495.474
-4.36674 656.277
-4.29569 150.556
-3.73172 487.112
-3.72441 231.485
-3.22021 89.0064
-2.09421 -237.521
-1.31875 -385.712
-0.11618 561.05
0.0799686 379.388
0.823622 937.617
0.952502 -921.004
1.15567 -846.693
1.48942 -535.005
1.83822 -686.139
2.56395 -515.884
2.82421 -696.396
2.92273 -939.802
3.0187 -974.756
3.11141 -638.036
3.34417 -506.637
4.35657 896.867
4.83022 850.415
5.28164 -487.172
5.35043 746.322
5.76665 259.963
6.65824 303.236
7.92884 -273.292
7.98882 -268.771
8.58423 415.615
8.60382 798.038
9.53171 -341.003
10.3042 -216.244
11.832 753.472
11.9095 192.043
12.1894 -306.268
12.6819 802.787
13.0158 -864.359
13.6758 -593.607
13.8736 930.117
14.0141 -445.095
14.6821 386.873
15.2318 418.572
16.0479 693.264
17.1252 711.668
17.2598 -368.536
18.2381 771.332
19.0578 542.848
19.3501 -674.741
19.4783 -132.297
19.5168 472.715
19.9698 -158.164
20.338 -419.323
20.5284 578.989
22.7449 -790.108
23.5356 -564.463
23.973 892.645
24.4542 -214.565
25.1768 -578.598
25.7243 -469.569
25.8143 -373.224
26.1923 47.9302
26.3403 573.928
27.4523 -5.06194
28.0003 -580.482
28.0664 975.139
28.2727 -171.844
29.6254 859.248
29.9901 530.322
30.0397 446.332
30.3614 -606.69
30.8952 -674.202
31.2801 -355.484
31.636 992.502
32.3133 -962.186
33.1441 -36.5585
33.6954 -788.518
33.8319 85.395
33.8397 -324.135
34.5299 -563.911
35.0249 308.108
35.0779 491.458
35.1582 -744.154
35.2628 453.672
35.6508 -87.7026
37.0731 -341.977
37.3353 749.721
37.4246 620.044
37.5605 -921.291
38.7729 -440.386
39.7474 -0.888029
39.7857 -172.172
39.8969 589.28
40.5855 -737.808
40.7505 596.16
42.2796 -832.842
42.3463 490.095
42.4946 51.6303
42.6474 249.895
43.8023 48.0493
44.786 -433.872
45.9889 -871.022
46.5328 -748.696
46.7103 245.433
47.2732 -472.424
47.3155 38.8497
48.419 485.062
48.5596 734.19
49.3164 -79.3472
50.0376 -254.533
50.262 -201.827
50.6863 333.332
51.1825 -932.759
51.4818 810.075
52.1477 -15.4731
52.899 786.752
53.1814 -279.959
55.0053 -247.842
56.0366 -402.142
57.5024 -119.208
59.2962 -29.2512
59.4336 53.8038
59.5171 -577.151
59.6574 609.458
60.7319 656.476
61.0114 -81.0928
61.0354 -746.687
61.1612 278.248
61.6783 44.6743
62.0338 524.376
63.3144 -531.595
63.4433 -693.959
64.0652 -471.397
64.5384 -41.0387
64.7097 113.73
65.1557 820.345
65.3464 -628.031
65.5402 587.914
65.8488 953.037
66.0003 471.114
66.0413 740.984
66.8621 -79.1119
67.1514 -820.915
67.5676 775.263
67.6478 971.02
67.7374 -113.008
67.8132 -943.369
68.8892 917.137
69.2033 -51.7927
70 -800.849
71.3015 434.414
71.303 793.698
71.3529 -472.524
72.4478 255.279
72.6808 -842.147
73.9417 -205.289
74.1344 919.239
74.1667 998.147
75.715 -333.396
76.4329 583.7
76.8049 -222.147
77.5365 121.236
78.3597 -744.475
78.4533 137.425
78.4621 -30.014
78.8625 895.194
79.4478 727.701
79.4773 -584.312
79.7773 -606.363
80.5803 -997.233
80.6741 -661.683
80.9797 -185.659
81.3199 574.522
82.1829 -822.624
82.4583 -953.294
83.1772 -982.491
83.2153 -894.936
83.4546 -226.856
84.5284 -957.222
84.9096 -869.038
85.047 -771.014
86.2712 -72.7617
86.3138 -829.259
88.4509 -703.603
89.199 -37.2975
89.3681 -899.473
89.6165 835.716
89.7864 -559.629
89.9208 -589.621
90.7849 18.5925
91.4971 356.112
91.8159 792.581
92.2921 -786.172
92.4648 518.135
92.841 -435.485
93.3007 -724.884
93.5408 585.154
93.6333 -316.275
94.8399 506.34
97.1632 -152.901
97.7454 4.41662
97.7836 -964.695
97.9519 -633.38
98.321 -415.209
98.9109 -765.512
99.1162 -938.453
99.1314 43.3212
99.1335 510.082
100.037 153.393
100.278 -796.001
100.499 0.112299
100.758 -745.583
101.694 -827.507
101.694 -341.595
102.543 -386.472
104.52 -910.878
105.471 -621.546
106.097 829.329
106.151 779.208
106.573 -723.115
106.585 -889.984
107.059 -632.207
107.137 244.44
107.358 817.037
107.783 -391.357
108.133 -277.146
108.888 -848.162
109.013 32.2735
109.067 -391.159
109.391 -150.027
109.543 -660.426
109.585 58.3003
109.633 48.0171
109.783 229.313
109.977 577.423
110.077 -958.449
110.244 -432.751
110.567 -561.451
111.02 309.178
111.316 -839.774
111.375 -356.732
111.959 -761.905
112.012 -778.065
112.077 684.125
113.003 -963.788
113.482 -85.9012
113.574 -73.47
113.6 459.352
115.113 -731.831
115.43 -227.378
115.627 -217.092
116.465 87.9242
116.564 19.0431
116.749 599.734
117.763 -292.584
119.426 -655.229
120.165 38.6898
121.026 871.917
122.579 -541.135
122.958 -541.059
123.61 104.466
123.898 -729.871
124.158 -646.501
126.425 -56.032
126.839 520.292
127.002 -586.153
127.136 -173.345
127.567 -165.716
127.866 -185.497
128.199 49.5885
129.204 468.117
129.453 -612.542
129.754 815.423
129.994 -879.521
130.065 631.446
130.163 629.391
130.268 -991.431
130.323 -306.797
130.704 218.593
130.81 509.597
130.908 156.695
130.957 -682.489
131.182 540.345
131.284 947.328
131.674 -730.714
132.465 -803.865
132.592 219.474
133.093 -703.761
133.211 -456.701
133.638 -102.43
133.816 -114.481
133.911 148.334
134.098 -669.335
134.607 10.6428
135.471 -904.001
135.665 757.224
135.903 -787.352
136.132 -151.66
137.646 -472.763
138.481 966.325
138.602 -515.978
138.636 542.102
139.903 767.627
139.945 200.283
140.072 -318.176
141.2 -712.387
142.129 -200.757
142.189 183.45
142.604 -950.993
142.751 826.309
143.026 -30.1775
143.334 -991.211
143.477 374.768
144.231 121.499
144.719 -584.462
145.236 -681.889
145.286 412.769
146.325 -84.9794
147.199 -810.014
148.161 -508.88
148.252 173.664
148.348 -623.215
148.63 -60.0289
149.144 -758.758
150.49 -749.543
150.808 -532.971
150.992 503.268
151.15 773.524
151.431 -191.057
151.65 224.882
151.899 -315.795
153.053 907.636
154.835 391.711
155.497 472.664
155.565 -394.47
156.241 -377.846
156.97 821.373
157.088 -699.081
157.767 810.272
158.773 -237.022
159.29 -660.69
159.41 -896.03
160.805 178.326
161.168 -605.612
161.347 57.7333
161.391 575.668
162.637 -728.239
162.705 692.412
163.804 402.475
163.832 -622.758
164.462 -727.767
164.908 -113.673
164.953 -947.977
165.404 359.339
166.033 774.053
166.037 -95.2413
166.105 633.054
167.183 -874.027
167.37 -902.672
167.617 -116.317
167.714 151.148
167.954 871.019
168.655 -451.406
169.31 -941.588
169.87 234.466
169.893 139.249
170.071 67.5118
170.178 600.783
170.248 -773.885
171.194 119.944
171.539 303.563
172.5 236.042
174.271 -436.724
174.784 771.367
174.837 991.917
174.858 947.594
175.189 844.198
175.211 69.4141
176.767 783.136
176.833 -783.108
177.316 241.522
177.407 179.043
178.872 474.027
180.822 468.458
182.189 915.318
182.68 95.9217
182.749 -949.867
182.875 730.19
183.182 149.005
185.333 794.867
186.278 -111.503
187.842 788.813
188.262 337.594
188.862 -273.649
189.875 42.6821
190.089 573.673
190.149 -226.556
190.374 174.487
190.752 -378.167
191.459 -27.2996
192.429 -105.809
192.661 424.564
192.726 673.703
192.755 101.106
192.937 -361.884
192.944 854.412
193.014 642.206
193.844 877.687
194.386 749.634
194.627 -721.493
194.928 948.485
196.386 573.261
196.69 -61.7297
198.511 432.142
198.604 -651.49
199.807 265.017
200.139 545.223
200.706 -778.207
200.806 -221.993
200.991 843.936
201.077 -808.237
202.129 159.939
202.27 107.502
203.32 494.036
203.441 572.279
203.559 -262.49
204.426 -742.448
204.427 809.876
204.471 -564.195
204.612 -251.77
204.933 478.897
205.443 -244.904
205.795 -730.321
205.907 -270.835
206.159 292.366
206.714 331.866
207.471 -566.028
207.557 201.824
208.231 550.812
208.237 978.014
208.633 -516.109
208.721 -186.155
209.155 -178.078
210.303 -579.316
210.367 -502.478
210.617 110.576
210.666 -180.235
211.252 -327.754
211.286 885.83
212.234 954.37
213.323 -196.234
213.6 -220.458
213.605 836.368
213.896 -520.015
214.14 -758.906
214.215 -313.913
214.298 -779.527
215.04 -815.261
215.365 347.976
215.775 -804.674
215.936 798.874
216.033 -232.769
216.271 400.255
218.359 -648.428
218.368 278.063
219.385 -809.232
219.805 991.918
220.057 187.86
220.755 -148.189
221.987 357.683
223.224 670.82
223.295 878.435
224.06 -359.237
225.378 818.957
225.749 -805.16
226.223 514.297
227.159 -172.327
228.232 -727.545
228.481 -433.384
228.501 741.423
231.531 -863.133
232.23 -925.031
232.778 971.589
233.09 204.942
233.439 927.571
234.381 944.739
235.105 -217.033
235.113 137.501
235.264 26.262
235.699 -758.187
236.663 -871.237
238.489 -634.3
239.253 613.141
239.506 62.9768
240.162 590.016
240.64 869.522
241.449 -108.621
242.349 -605.85
242.516 -122.25
243.175 -942.931
243.651 -910.652
243.902 782.269
244.07 -297.916
245.84 -714.055
245.867 -483.129
246.696 -728.08
247.17 876.905
247.896 -496.088
248.165 -624.467
248.746 -589.438
249.447 -514.683
249.97 399.57
250.942 -635.475
251.551 813.15
252.104 -63.496
252.802 702.606
253.183 528.127
253.329 -151.528
253.966 -521.684
254.865 -923.911
255.282 145.789
255.355 -492.875
256.487 -4.15614
256.637 48.4562
256.689 -597.832
257.122 463.881
257.665 -612.874
258.155 52.0476
258.396 -486.224
259.484 -915.289
260.101 -370.931
260.123 754.017
260.207 -697.364
260.272 -784.174
260.563 466.082
261.293 277.55
261.525 516.735
261.878 326.485
261.998 640.058
262.353 406.077
262.926 761.653
263.184 -101.374
263.416 -92.2299
263.474 -710.099
263.659 -539.606
264.17 447.196
264.798 -479.69
265.008 995.673
266.437 -477.783
266.595 -491.231
267.464 -871.111
267.67 -641.159
269.612 -138.734
269.927 -188.872
270.238 -750.876
270.707 365.858
270.788 -800.373
271.36 284.87
271.846 -943.222
271.881 -134.94
271.942 -377.699
272.008 -103.166
272.41 830.108
273.82 30.4525
274.094 519.813
275.296 -589.65
275.806 349.729
275.98 655.501
276.903 654.829
276.927 -302.264
277.667 -550.365
277.749 -86.8306
277.918 -532.827
278.527 -847.587
279.024 -29.5469
279.049 -104.319
279.337 115.638
279.388 740.867
279.492 417.8
279.652 -453.651
279.672 356.933
279.675 -89.5859
279.999 81.7449
280.871 -58.9684
281.024 -72.4278
281.361 -556.513
282.423 778.031
282.678 -873.698
283.548 -499.698
283.934 -365.728
284.057 757.372
284.94 948.089
285.001 191.693
285.269 215.11
285.592 -687.433
285.817 159.46
286.477 -61.2171
286.556 -716.252
286.934 -391.216
287.514 429.944
287.601 459.885
287.705 479.987
288.129 465.131
288.581 945.097
288.587 676.736
288.693 -951.808
289.329 69.5002
290.078 -843.423
290.102 227.587
290.358 522.107
290.839 939.775
290.842 -232.302
290.878 4.22063
291.443 868.908
292.077 904.615
293.093 -121.295
294.334 307.821
294.884 171.463
295.624 938.455
296.058 339.59
296.546 -248.282
296.577 434.175
297.167 554.111
297.757 -146.092
297.829 -259.736
298.031 593.617
298.57 -199.977
299.59 -13.0709
300.919 705.878
300.952 -896.949
301.189 465.546
301.381 915.599
301.799 809.952
302.174 532.27
302.196 709.842
302.761 430.393
303.413 257.647
303.629 -865.75
303.764 681.983
304.959 -480.643
305.845 665.497
306.297 851.608
306.498 387.643
306.57 -558.803
306.648 -223.824
307.35 -548.229
307.477 -647.703
307.617 79.8439
307.863 -502.348
308.245 -606.166
309.593 8.17881
311.296 -988.287
311.455 -72.078
313.479 471.397
313.534 485.814
316.21 -705.988
316.256 -16.6812
316.352 798.879
316.896 669.536
317.914 143.493
318.543 -550.001
318.638 -810.742
319.934 -738.538
320.545 -636.238
320.694 -448.373
320.762 395.027
321.55 -487.326
321.871 -444.856
322.128 -847.014
323.283 439.639
323.724 168.991
323.781 -836.42
327.038 -358.904
327.393 645.605
328.266 612.917
328.438 26.859
330.462 -835.064
331.254 433.26
331.659 -181.685
331.898 -435.36
331.966 -669.209
334.027 -239.938
334.305 255.295
334.335 -399.703
335.35 332.554
336.078 -526.163
336.348 433.998
337.388 -543.146
337.734 -375.16
339.964 546.638
340.456 -966.749
340.683 -471.813
341.038 901.752
341.128 -964.474
341.38 -94.7729
341.447 860.929
341.498 -173.309
341.852 127.97
342.074 -830.139
342.832 480.571
344.185 787.68
346.035 -810.7
346.241 -849.524
347.963 -818.826
348.134 -557.024
348.783 -144.867
350.505 -157.288
350.513 150.455
350.606 608.718
350.999 -134.466
351.436 -202.29
352.337 246.534
353.231 -452.151
353.449 141.32
353.77 832.525
353.999 -613.308
355.531 -741.395
356.029 432.666
356.119 395.828
356.613 318.838
356.776 699.743
356.963 -559.63
357.928 -580.224
358.022 29.1455
358.412 39.2083
359.291 700.082
360.434 718.043
360.871 829.623
361.097 37.5426
361.379 -607.451
361.848 462.899
361.865 457.318
361.977 342.816
362.994 -121.876
363.113 866.578
364.292 -576.894
364.496 -290.72
364.933 647.074
365.711 -589.544
366.058 -428.085
367.362 -333.935
368.689 563.844
369.657 307.97
370.024 73.679
370.368 -662.127
371.708 169.908
372.86 -487.027
373.616 -756.259
373.676 -964.78
373.933 -279.13
374.632 -421.835
374.725 94.2411
375.671 303.05
376.183 101.266
377.788 801.016
378.228 -686.133
378.301 -965.57
378.607 -355.846
379.17 193.031
379.671 545.287
380.026 -766.916
380.18 -392.703
381.513 61.2098
382.316 -133.202
382.643 -742.573
382.856 946.289
384.085 256.398
384.244 382.234
385.307 -700.692
385.897 -66.2046
385.909 845.326
385.95 -825.427
386.475 -415.791
386.538 149.195
387.468 -692.63
387.651 981.686
387.723 907.256
387.919 520.075
388.041 672.877
389.077 766.443
390.544 -360.224
390.849 -632.982
390.918 -248.239
391.972 248.976
392.837 -68.0552
393.059 -391.733
393.286 -485.61
393.538 -600.688
393.647 858.905
393.892 -456.951
394.707 -823.075
394.726 -600.12
395.401 -50.1385
395.717 -542.301
396.362 -957.859
396.654 -340.605
396.888 -994.911
397.553 664.104
398.234 -112.539
398.8 -188.98
399.246 -124.644
399.513 898.429
400.837 226.763
401.689 -84.8146
401.857 161.613
402.766 -387.232
403.108 945.544
403.421 -588.557
404.343 -131.219
404.778 936.655
406.043 0.665517
406.234 -539.631
406.349 -960.106
406.773 -610.56
407.221 647.318
407.382 -417.128
407.822 148.709
407.968 700.678
408.448 935.173
408.666 -725.938
409.153 390.049
410.392 350.322
410.489 259.849
411.952 -72.6407
413.033 -55.8428
413.246 258.845
413.397 408.871
414.389 585.01
414.943 206.889
415.033 306.113
415.388 855.767
415.404 168.625
415.459 -298.897
415.714 739.184
416.97 75.4622
417.651 441.624
418.244 473.993
418.566 -230.124
418.953 -228.902
419.173 -616.475
419.296 360.078
419.815 -912.443
420.106 327.253
420.806 858.209
421.214 -743.405
421.927 922.685
422.201 -574.574
422.804 519.173
422.93 -720.019
423.138 148.337
423.741 545.745
424.292 -80.4051
424.437 264.787
425.316 -327.059
425.534 -256.241
425.846 -459.192
426.481 -376.064
427.135 341.34
427.809 507.087
428.257 -163.107
428.272 964.367
428.943 157.82
430.499 443.04
430.572 -387.619
431.361 335.779
432.638 627.946
433.09 188.277
433.956 -468.462
435.427 -29.6907
435.781 469.153
436.275 -116.024
437.2 332.933
438.959 653.372
439.027 -48.651
439.695 967.671
440.015 116.764
440.552 -280.467
440.657 989.86
441.911 -142.51
442.218 -435.71
442.311 915.74
442.549 -44.1562
443.21 -103.929
443.33 396.813
444.093 336.356
444.626 182.033
444.837 94.4051
445.453 217.307
445.468 -524.592
445.469 -937.06
446.858 -456.749
447.066 581.157
448.026 185.651
448.301 215.57
448.826 -906.187
448.839 766.051
449.758 755.695
449.804 657.027
451.07 757.119
452.001 -743.231
452.235 658.888
452.463 749.595
452.561 911.742
453.057 -383.723
453.554 900.847
453.688 147.548
453.844 -434.929
454.133 -149.051
454.183 184.726
454.451 660.166
455.34 -118.237
455.598 578.122
455.662 -712.681
456.13 -551.871
456.854 -194.368
457.381 848.633
457.438 -589.765
457.479 993.866
457.682 397.169
458.956 734.391
459.849 934.493
459.933 860.551
461.02 -320.57
461.445 -899.428
462.65 -620.258
462.704 132.562
463.827 647.586
465.469 -952.05
466.341 534.707
466.425 -160.544
466.464 668.161
467.506 667.106
467.734 155.094
468.056 17.625
468.057 -952.198
468.61 88.0529
468.88 -795.6
469.044 506.018
469.21 420.444
471.149 -208.339
471.155 885.429
471.585 -9.09284
471.711 -764.878
471.795 -31.091
472.006 -499.647
472.667 -76.9811
473.338 615.145
473.48 558.331
475.46 988.997
475.763 302.777
476.973 374.101
477.268 -750.307
477.321 -986.962
477.855 -610.074
478.56 325.8
478.78 720.104
478.861 -448.42
479.408 -986.045
480.096 25.2521
480.126 -55.4957
480.159 -437.286
480.437 -344.752
480.892 628.238
481.833 -404.958
482.143 569.676
482.336 -873.141
482.508 -241.351
482.526 2.23731
483.795 389.518
483.826 887.168
484.282 266.24
484.864 709.989
485.048 709.185
485.198 93.7016
485.544 -284.026
487.038 967.279
487.671 128.386
487.934 230.039
488.075 -407.321
488.29 688.673
489.153 876.748
489.222 23.7589
489.764 202.685
489.97 74.6039
490.126 -63.4383
490.333 725.499
490.701 -410.681
490.751 753.123
492.399 -807.664
492.566 -444.336
493.252 748.497
494.837 891.364
494.988 -64.7978
495.225 67.2773
495.36 -148.561
495.749 291.196
495.902 -949.469
495.995 147.975
496.056 -735.22
497.315 849.215
497.797 966.022
498.009 253.544
498.496 635.06
498.95 21.2345
499.28 539.949
499.302 963.623
500.724 989.249
500.756 -27.4353
500.826 -526.903
502.279 445.008
502.417 -115.092
502.944 978.42
503.028 -510.425
503.09 -754.236
503.771 606.925
504.637 -151.161
505.204 612.676
506.084 119.4
506.751 325.719
507.123 577.55
507.292 346.801
507.31 527.795
507.76 -69.0995
508.134 399.693
508.626 761.458
509.05 -561.783
510.081 588.505
510.909 -162.1
510.936 432.773
511.201 486.664
511.417 -649.401
511.916 624.802
512.309 699.159
513.204 996.689
513.394 263.985
513.743 -709.208
514.949 610.308
515.026 -259.76
516.731 -888.392
516.809 -689.498
517.132 -805.08
517.95 154.648
517.98 -896.514
518.946 546.926
519.637 219.594
519.71 -598.676
519.721 -662.532
520.336 -897.764
520.878 -593.209
521.026 -319.238
522.023 475.611
522.196 725.481
522.876 -593.627
523.508 -752.236
523.59 -761.798
524.253 934.196
524.647 14.5594
525.322 180.686
525.789 -734.575
525.877 791.821
527.237 -523.011
528.17 347.374
528.703 679.422
528.909 -348.34
529.372 -664.167
530.684 10.9489
531.056 -762.308
531.805 -163.732
531.918 252.044
532.182 -797.908
532.187 447.053
532.759 357.738
532.795 -964.339
533.265 818.13
533.454 -298.905
533.599 -759.522
534.337 882.414
536.448 827.949
537.783 87.0032
538.517 -531.005
538.541 -115.504
538.64 -722.048
539.481 -949.763
539.545 488.645
539.945 -203.994
539.961 647.231
540.98 760.37
541.201 -920.28
542.068 -845.438
542.069 569.805
542.425 -733.372
542.483 -561.484
542.814 -683.039
544.038 362.318
545.127 -889.476
545.477 -605.279
545.779 261.355
545.839 -988.009
545.974 56.0588
546.088 -989.31
546.241 -453.791
546.46 -844.008
546.966 -823.303
547.168 536.973
547.185 -500.407
547.287 835.683
547.803 -922.835
548.257 -29.4269
549.002 342.624
549.139 -726.725
550.235 538.627
550.321 -999.338
550.937 834.729
551.239 465.626
551.733 -446.044
551.87 -440.68
553.387 176.909
553.443 -672.295
553.665 55.2304
553.865 -597.368
554.294 738.297
556.913 -210.484
557.641 377.276
559.926 -357.445
561.091 978.334
561.344 169.791
561.738 964.187
561.986 446.213
562.794 861.837
564.38 564.324
564.77 -802.759
565.132 818.614
565.634 -55.9346
565.931 -56.6704
566.128 919.258
566.253 318.994
566.338 669.012
566.381 -168.408
567.002 -190.574
567.868 -795.647
567.96 -482.798
568.374 -729.624
569.723 915.708
571.516 900.271
572.077 -315.42
573.159 -533.494
573.364 -42.5198
573.364 661.01
575.19 885.843
575.571 -66.9051
576.29 -766.645
576.638 524.125
577.315 -145.406
578.324 390.551
578.661 305.363
578.664 -323.787
579.08 490.065
579.493 663.376
579.981 -920.889
580.732 495.817
581.542 -825.567
581.633 -432.732
582.283 -527.075
583.376 -847.331
583.914 -260.941
585.707 857.883
586.372 361.377
586.958 490.522
587.202 495.138
587.333 20.2321
587.837 -705.472
588.55 793.813
590.92 911.772
591.509 506.262
591.667 -499.476
591.776 869.584
591.832 487.62
592.245 -867.267
592.441 825.648
593.511 538.868
593.73 778.078
594.226 184.947
595.121 -992.48
595.35 -436.264
595.996 465.062
596.235 437.302
597.816 -677
598.134 352.388
598.477 793.48
598.928 -755.215
599.025 -364.21
599.165 338.693
599.206 -653.917
599.269 -125.736
599.478 -936.267
600.416 284.121
600.519 -303.587
601.191 955.463
601.224 -302.813
602.061 -709.271
604.157 262.697
606.366 369.87
606.559 886.693
607.146 268.113
607.975 89.9744
608.046 555.099
608.126 -296.368
608.307 -165.11
608.374 -533.863
608.375 -227.62
608.539 855.02
609.427 552.878
609.43 -802.924
609.488 -173.176
609.888 408.48
610.812 -15.2465
611.008 193.419
611.435 729.397
611.849 -328.171
612.836 -740.023
612.992 691.4
613.165 -962.552
614.605 779.042
614.951 -752.381
614.963 -748.036
615.313 -944.535
615.679 825.294
615.896 -584.278
616.722 377.922
617.164 403.623
618.121 -261.654
618.182 240.477
618.641 676.236
620.069 -590.459
620.54 635.764
621.842 0.914315
622.064 -538.532
623.105 -366.661
623.371 246.71
624.26 546.203
624.998 198.783
625.804 -202.657
625.915 656.175
626.227 -797.556
626.598 -547.273
627.3 -464.696
627.34 543.955
627.869 -954.773
628.049 -197.342
628.077 528.532
629.698 -410.533
629.873 -911.798
630.085 907.609
631 443.036
631.16 -30.8348
632.002 0.13267
632.936 985.988
633.432 -124.497
634.258 -799.546
634.718 793.953
636.972 336.113
637.061 616.748
639.206 772.968
639.334 -122.66
639.533 -711.496
639.589 -681.021
639.988 891.946
640.024 -490.755
640.112 820.845
640.115 -951.004
642.785 682.758
642.822 682.149
643.428 -394.333
643.446 -134.256
643.823 -638.499
643.877 -588.022
644.07 -157.7
644.162 93.6845
644.369 221.808
644.388 -315.253
644.579 134.538
644.747 759.488
645.148 -978.396
647.109 -380.243
647.421 -649.556
648.009 812.686
648.13 -54.9073
648.866 761.661
649.311 -208.88
649.494 861.017
649.557 -828.978
649.737 -156.491
650.284 -313.82
650.346 605.736
651.027 -351.33
651.999 -745.678
652.12 454.23
652.175 -153.599
653.427 -144.508
653.756 804.024
653.963 369.706
654.052 -163.189
654.348 -943.382
655.228 -52.7044
655.719 857.075
655.836 -161.688
655.948 -640.283
656.724 -76.6416
656.735 106.533
657.431 829.08
657.577 -196.66
658.018 -457.347
658.414 902.113
658.496 652.606
658.733 -937.218
659.304 -710.549
659.385 2.21067
659.525 288.236
659.986 70.9311
660.812 -934.126
660.935 298.9
661.788 51.1956
661.829 887.088
662.249 -20.509
663.284 516.057
663.605 391.514
664.473 -711.109
664.693 -974.245
665.609 -371.007
665.985 605.843
666.074 124.268
666.273 -765.945
667.475 311.164
667.742 516.986
667.754 772.997
667.968 -721.714
668.704 225.664
670.24 -358.735
671.66 754.705
673.377 -726.414
674.002 224.6
674.635 506.762
675.918 -962.744
676.356 -684.195
677.079 244.873
677.392 997.442
677.561 470.561
677.614 -710.138
678.311 88.9129
679.38 -653.027
680.247 636.779
681.078 -973.163
681.605 384.011
681.631 -724.525
681.632 969.641
681.816 -471.685
681.838 999.664
681.852 459.953
682.205 573.35
682.993 954.827
684.689 -700.682
684.74 -55.8582
685.304 -231.206
686.006 202.588
686.547 657.061
687.265 447.284
687.611 -107.454
688.609 -410.064
690.198 -131.778
690.242 -89.0659
690.571 -867.787
690.649 -944.205
691.394 -277.85
691.415 -912.079
692.694 710.957
692.705 274.802
692.748 -192.486
693.24 -669.28
693.689 -893.916
693.921 -892.921
694.827 -575.664
695.173 875.417
695.249 447.029
695.4 222.51
695.673 -453.04
696.947 -318.386
696.954 123.337
696.975 -289.085
697.039 -517.627
697.096 834.146
697.186 -81.7254
697.722 -769.57
698.817 570.549
699.671 139.946
699.869 358.229
699.926 -360.062
700.205 237.539
701.424 -66.0351
701.9 689.446
702.695 -390.474
702.77 -386.415
702.89 449.631
703.2 205.822
705.261 260.048
705.36 521.52
705.836 186.211
705.896 10.712
706.286 95.8538
706.383 -967.8
706.983 128.622
707.086 841.179
708.972 185.514
709.056 428.893
711.337 -571.673
711.447 991.914
711.615 169.616
711.676 167.7
711.845 226.47
712.83 -389.085
713.819 -805.99
714.146 -309.54
714.605 164.19
714.657 -695.278
714.935 952.416
715.25 333.192
715.363 745.795
716.771 986.023
716.815 -435.624
716.838 -916.952
718.003 412.867
719.854 657.034
720.77 231.763
720.875 -215.379
720.983 32.8458
721.278 217.72
722.074 -400.198
722.452 -13.9166
723.267 922.225
725.004 106.768
725.164 -64.857
725.264 -632.248
725.585 705.268
725.661 -71.8926
725.833 135.631
726.29 -262.293
726.324 976.726
726.785 588.682
728.265 -374.251
728.57 578.59
728.715 -781.313
728.781 -508.401
729.18 493.129
729.568 -984.253
729.906 -429.801
730.167 561.45
731.288 182.295
732.378 447.551
732.659 35.32
732.692 -454.06
733.458 -529.977
733.774 -43.9055
733.965 -531.036
734.05 944.934
734.968 786.423
735.585 -582.631
736.02 511.597
736.176 690.566
736.354 714.055
736.381 -601.945
736.641 -601.528
736.783 -734.532
736.831 769.902
737.121 212.697
737.251 644.822
738.649 170.931
739.596 -804.579
740.062 520.253
740.851 -766.664
741.186 -566.725
741.763 -70.1049
742.07 -973.192
743.5 950.909
744.211 6.43111
744.299 434.404
745.397 -568.95
746.662 -120.887
747.187 385.925
747.216 -794.652
747.302 -42.2077
748.996 504.271
751.01 889.749
751.175 -662.855
753.281 493.299
753.512 169.119
753.548 243.267
754.135 -144.516
754.378 -570.979
756.248 184.037
756.259 -287.596
758.165 395.72
759.541 588.723
760.772 250.12
761.037 -137.325
761.952 -142.312
762.13 -496.02
762.528 -28.6446
763.911 -126.418
764.855 58.086
765.143 490.055
765.839 895.919
765.908 -225.358
765.974 73.2146
766.235 -241.236
766.593 -70.1014
767.226 51.7507
768.042 -653.313
769.696 -671.3
770.477 -804.265
770.541 -425.332
771.161 -3.05993
771.163 -180.249
771.372 -618.804
771.389 -434.948
771.781 938.67
771.796 374.436
772.198 -231.785
772.602 -230.536
773.689 908.276
773.81 234.775
774.578 -154.95
775.201 -147.067
775.341 -119.083
775.511 354.931
776.325 7.65193
776.448 -574.692
776.924 608.621
776.927 900.027
777.572 -955.415
777.589 67.6146
777.645 453.989
778.794 97.6369
778.833 -87.6911
779.734 204.464
779.912 -544.445
780.156 -836.182
780.946 843.577
781.366 -181.423
782.658 700.518
784.233 -707.895
785.271 294.458
785.681 -775.302
785.866 208.408
785.888 -618.667
786.31 687.422
787.974 309.306
788.779 227.584
789.064 -298.957
790.827 -924.182
790.851 -276.172
791.477 -639.46
792.095 145.999
792.793 457.66
792.83 -276.881
794.097 226.422
794.144 706.863
794.534 -541.676
795.222 564.952
795.502 975.674
795.524 781.358
796.79 -854.54
797.737 226.467
798.356 -327.07
798.518 -296.089
798.625 927.564
799.992 328.342
800.589 -620.995
800.845 -108.376
800.887 -122.623
800.914 -653.091
801.132 660.461
801.242 316.237
801.831 -749.071
801.992 518.824
802.298 909.039
802.983 682.596
803.496 471.583
803.666 -731.556
804.214 437.251
804.224 -49.9456
804.875 -539.978
805.108 460.279
805.438 664.53
805.796 -554.035
805.815 232.666
806.264 102.481
806.624 732.765
806.668 417.842
806.799 84.5011
807.139 774.632
807.587 343.547
807.996 -818.536
808.252 -541.679
808.348 906.989
809.446 -590.876
809.584 840.864
810.165 612.099
810.434 987.671
810.532 -959.482
810.978 779.435
811.191 -485.928
811.375 170.733
811.454 -678.47
811.827 736.497
811.929 -307.725
813.205 -697.602
813.709 -11.6966
814.056 998.127
814.182 -798.071
814.301 -507.342
815.62 -645.316
816.292 -984.599
816.517 316.876
817.053 350.881
818.165 646.982
819.416 953.014
819.445 700.874
820.46 -897.529
821.497 -69.0158
821.585 801.843
822.062 417.38
822.17 -694.089
822.894 -533.943
823.174 38.3997
824.119 818.221
824.153 90.8908
824.656 719.146
826.16 -477.228
826.76 378.673
826.865 -752.658
827.93 929.718
830.424 487.88
830.707 -417.296
830.785 253.164
831.026 -769.798
831.295 -553.389
831.488 336.965
831.574 52.8031
832.416 658.732
832.593 -88.0084
832.684 -871.84
833.009 647.129
833.039 -240.646
833.364 208.106
834.442 -603.806
835.477 923.058
836.181 786.367
836.438 -339.73
836.847 -528.286
837.645 -914.135
838.135 -707.297
838.678 810.515
838.995 240.199
839.035 977.804
839.338 -590.825
839.656 405.126
840.099 -432.71
840.109 758.628
840.113 991.347
840.308 58.5124
841.315 983.616
841.502 596.986
841.893 -985.958
842.28 584.621
843.839 -273.56
844.165 169.806
844.266 175.387
844.693 795.084
844.962 103.374
845.33 -516.276
845.399 -489.638
846.127 770.598
846.416 532.449
847.471 -654.287
848.249 -962.841
848.556 -659.659
848.966 642.058
849.201 -475.361
849.83 -688.784
850.553 -373.514
851.634 -326.507
852.236 -458.403
852.347 -54.6814
852.456 -141.152
852.819 -140.977
852.873 370.74
854.605 -90.8412
854.697 166.648
855.254 -420.106
855.624 -408.505
855.964 -97.8726
856.364 593.37
856.606 -168.821
857.748 -604.961
858.564 806.971
858.609 967.097
859.3 -797.525
859.329 745.927
859.943 545.972
859.968 -127.332
860.338 -403.516
861.36 -773.338
861.725 543.779
861.781 -700.065
862.478 -341.103
863.185 545.228
863.787 795.913
864.014 -669.261
864.207 -149.496
864.675 666.381
864.686 -692.7
865.901 -604.851
866.974 -888.753
867.193 805.06
867.219 -869.406
867.989 -856.842
868.551 723.808
869.187 -99.8992
869.632 -585.152
870.039 -811.479
870.154 -393.793
870.306 -247.47
870.421 497.19
870.932 391.778
871.327 -794.8
871.796 -299.447
871.899 936.902
871.954 223.527
872.667 339.5
874.344 -882.94
874.725 341.727
875.299 31.4966
876.99 -501.595
877.678 245.206
877.698 619.666
878.577 -598.887
878.636 681.628
878.999 816.062
879.119 726.618
879.245 -264.233
879.458 417.916
880.758 759.498
880.953 -117.742
881.726 567.716
881.773 -768.358
882.211 779.332
883.273 -359.31
883.574 -433.057
883.973 220.169
884.669 297.029
884.813 -330.964
884.847 -796.29
885.61 -717.545
887.183 530.376
887.217 657.876
887.631 568.029
888.33 814.894
888.506 665.81
888.76 957.487
888.915 -683.178
891.009 -61.3103
891.57 637.584
892.545 210.377
892.908 534.259
892.976 929.109
893.262 -109.059
893.483 411.403
894.236 212.478
895.399 -776.451
895.812 994.609
896.325 -63.2862
897.055 432.269
897.939 119.132
898.36 543.788
898.825 443.341
899.869 -918.215
900.039 -423.823
900.29 327.5
900.542 -723.11
900.595 103.789
900.824 -953.001
901.186 417.568
901.426 133.426
902.313 -691.499
902.913 557.709
903.403 112.911
905.142 -599.916
906.978 -125.323
907.134 961.663
907.377 -258.485
907.59 557.465
908.875 436.244
909.237 -564.844
909.556 471.032
910.201 -125.143
910.348 -888.108
911.477 -724.595
911.883 933.808
912.249 -981.121
912.704 -51.533
912.705 336.461
913.243 588.09
913.647 176.525
915.729 -47.3155
916.059 684.676
916.59 282.399
917.252 -538.245
917.271 -150.707
917.657 13.5087
917.895 -197.786
918.197 836.499
918.23 587.746
918.542 296.943
918.634 306.538
919.202 679.369
919.241 -489.119
919.413 988.036
921.262 413.927
921.285 241.73
921.8 -904.181
921.829 -171.337
922.271 -34.6284
923.005 408.093
923.094 275.051
923.523 -320.575
924.315 784.878
925.015 -545.261
925.46 -765.503
925.561 -395.631
925.732 376.733
925.903 -278.357
926.321 -778.756
926.511 -305.2
927.333 502.955
927.404 -863.201
927.666 -661.693
927.902 333.436
928.215 707.549
928.481 240.133
928.932 148.952
929.865 648.734
930.225 -179.794
930.648 -651.368
930.917 -927.545
931.283 240.555
931.439 540.574
931.988 685.769
932.297 -700.336
932.911 -511.612
932.927 -657.598
933.209 -132.041
933.303 -723.106
933.553 -93.0363
933.629 -622.799
934.456 -134.587
934.491 -95.088
934.778 395.086
935.933 30.2711
937.088 680.073
938.722 576.051
939.609 -261.562
939.72 227.46
941.337 792.372
941.547 670.693
941.987 87.4571
942.115 -97.7708
942.402 297.581
942.545 531.48
942.616 367.95
943.72 -331.346
943.934 736.035
944.099 16.3708
944.298 492.867
944.925 244.823
945.942 -419.469
946.035 887.659
946.177 515.685
946.537 955.46
947.33 -602.163
947.923 -730.741
948.379 547.011
948.563 940.036
948.603 -840.816
948.604 -289.645
948.71 -894.091
949.478 -136.722
950.603 -26.5562
950.826 743.376
950.966 825.365
951.108 363.578
951.456 -68.9644
951.59 725.567
951.796 -78.989
952.544 687.78
952.877 839.338
953.755 -115.397
954.478 969.991
954.487 378.349
954.734 983.318
954.843 351.477
954.9 17.8085
955.218 153.863
955.829 -691.685
959.01 -717.604
960.743 -586.873
961.051 -609.088
962.406 -261.756
962.48 -121.847
962.579 -740.178
962.644 -386.445
963.239 -788.55
963.312 -758.749
964.286 -993.966
965.358 -9.31035
965.897 715.25
967.144 561.011
967.685 389.263
968.788 -188.195
969.265 680.996
969.601 -519.47
969.875 -84.2937
969.986 431.715
971.352 -763.353
972.001 -792.749
972.66 220.405
972.906 -660.176
972.945 45.2758
973.283 -827.066
973.344 -806.323
975.153 -513.32
975.277 698.446
975.769 279.031
976.074 -465.027
976.879 168.629
977.364 -104.177
977.437 -997.342
977.766 927.722
977.991 -889.754
978.065 -890.669
979.15 -692.019
979.853 -891.421
980.564 376.294
980.63 157.127
980.948 -48.5058
982.121 -282.067
982.5 59.231
982.675 931.273
982.995 -42.2797
983.054 465.272
983.191 219.782
983.361 -807.406
983.593 700.505
983.964 781.892
983.999 163.056
985.047 -217.434
985.275 -547.132
985.318 -936.279
985.682 -140.665
986.536 185.604
986.981 39.6838
987.274 243.137
987.305 -489.446
987.358 415.207
987.677 908.392
987.88 662.713
989.682 509.681
989.787 267.68
990.639 -186.419
992.009 284.168
992.166 352.731
992.59 -539.338
993.087 328.712
993.389 -552.556
993.585 -901.979
993.669 -808.62
995.072 -225.873
995.239 -72.6359
995.528 -819.073
996.97 -632.874
997.346 315.311
997.621 -147.633
999.307 -787.711
999.354 191.658
999.915 790.544
